0.0000
2.0843
3.9611
16.2529
16.3876
18.3372
42.2001
42.224
44.2117
79.5646
79.607
81.5805
128.3978
128.4921
130.4376
188.7135
188.8532
190.7749
260.5011
260.6826
262.5829
343.7484
343.9697
345.85
438.4418
438.7015
440.562
544.5658
544.8628
546.705
662.103
662.4368
664.261
791.0344
791.4045
793.21
931.339
931.745
933.533
1082.9941
1083.4356
1085.206
1245.975
1246.4518
1248.204
1420.2552
1420.7672
1422.502
1605.8064
1606.3533
1608.071
1802.5983
1803.1802
1804.881
endfile 21