4
19
17
1
15
13
11
9
3
7
5
5
7
9
11
13
3
2
15
17
19
2
2
4
3
2
3
4
4
6
5
4
5
6
8
7
6
7
4
8
10
9
8
9
10
12
11
10
11
12
14
13
12
13
14
16
15
14
15
16
18
17
16
17
18
20
19
18
19
22
21
20
24
23
22
26
25
24
28
27
26
30
29
28
32
31
30
34
33
32
2
18
16
2
14
12
10
8
4
6
6
4
8
10
12
14
2
0
16
18
20
1
2
2
1
0
2
3
4
4
3
2
4
5
6
5
4
6
2
7
8
7
6
8
9
10
9
8
10
11
12
11
10
12
13
14
13
12
14
15
16
15
14
16
17
18
17
16
18
19
20
19
18
20
22
21
20
24
23
22
26
25
24
28
27
26
30
29
28
32
31
30
