0
-2
-2
-2
-2
-2
-2
-2
-2
-2
-2
-2
-2
-2
-2
-2
-2
-2
-2
-2
-2
-12
-14
-14
-14
-16
-16
-24
-26
-26
-26
-26
-28
-35
-37
-37
-37
-39
-40
-47
-49
-49
-49
-51
-58
-60
-60
-60
-62
-70
-72
-72
-72
-74
-81
-83
-83
-83
-85
-93
-95
-95
-95
-97
-104
-106
-106
-106
-108
-118
-118
-118
-129
-129
-129
-140
-140
-140
-152
-152
-152
-163
-163
-163
-174
-174
-174
-186
-186
-186
0
2
2
2
2
2
2
2
2
2
2
2
2
2
2
2
2
2
2
2
2
12
14
14
14
16
16
24
26
26
26
26
28
35
37
37
37
39
40
47
49
49
49
51
58
60
60
60
62
70
72
72
72
74
81
83
83
83
85
93
95
95
95
97
104
106
106
106
108
116
118
118
118
120
129
129
129
140
140
140
152
152
152
163
163
163
174
174
174
186
186
186
