         550
   0.30200  3.948000E+00
   0.30400  3.961000E+00
   0.30600  3.973000E+00
   0.30800  3.986000E+00
   0.31000  3.998000E+00
   0.31200  4.011000E+00
   0.31400  4.023000E+00
   0.31600  4.036000E+00
   0.31800  4.048000E+00
   0.32000  4.061000E+00
   0.32200  4.073000E+00
   0.32400  4.086000E+00
   0.32600  4.098000E+00
   0.32800  4.111000E+00
   0.33000  4.123000E+00
   0.33200  4.136000E+00
   0.33400  4.148000E+00
   0.33600  4.161000E+00
   0.33800  4.173000E+00
   0.34000  4.186000E+00
   0.34200  4.198000E+00
   0.34400  4.211000E+00
   0.34600  4.223000E+00
   0.34800  4.236000E+00
   0.35000  4.248000E+00
   0.35200  4.261000E+00
   0.35400  4.273000E+00
   0.35600  4.286000E+00
   0.35800  4.298000E+00
   0.36000  4.311000E+00
   0.36200  4.323000E+00
   0.36400  4.336000E+00
   0.36600  4.348000E+00
   0.36800  4.361000E+00
   0.37000  4.373000E+00
   0.37200  4.386000E+00
   0.37400  4.398000E+00
   0.37600  4.411000E+00
   0.37800  4.423000E+00
   0.38000  4.436000E+00
   0.38200  4.448000E+00
   0.38400  4.461000E+00
   0.38600  4.473000E+00
   0.38800  4.486000E+00
   0.39000  4.498000E+00
   0.39200  4.511000E+00
   0.39400  4.523000E+00
   0.39600  4.536000E+00
   0.39800  4.548000E+00
   0.40000  4.561000E+00
   0.40200  4.573000E+00
   0.40400  4.585000E+00
   0.40600  4.597000E+00
   0.40800  4.609000E+00
   0.41000  4.621000E+00
   0.41200  4.634000E+00
   0.41400  4.645000E+00
   0.41600  4.658000E+00
   0.41800  4.669000E+00
   0.42000  4.682000E+00
   0.42200  4.694000E+00
   0.42400  4.706000E+00
   0.42600  4.718000E+00
   0.42800  4.729000E+00
   0.43000  4.742000E+00
   0.43200  4.754000E+00
   0.43400  4.766000E+00
   0.43600  4.778000E+00
   0.43800  4.790000E+00
   0.44000  4.802000E+00
   0.44200  4.814000E+00
   0.44400  4.826000E+00
   0.44600  4.838000E+00
   0.44800  4.850000E+00
   0.45000  4.862000E+00
   0.45200  4.874000E+00
   0.45400  4.886000E+00
   0.45600  4.899000E+00
   0.45800  4.911000E+00
   0.46000  4.923000E+00
   0.46200  4.935000E+00
   0.46400  4.947000E+00
   0.46600  4.959000E+00
   0.46800  4.971000E+00
   0.47000  4.983000E+00
   0.47200  4.995000E+00
   0.47400  5.008000E+00
   0.47600  5.019000E+00
   0.47800  5.032000E+00
   0.48000  5.044000E+00
   0.48200  5.056000E+00
   0.48400  5.068000E+00
   0.48600  5.090000E+00
   0.48800  5.129000E+00
   0.49000  5.182000E+00
   0.49200  5.249000E+00
   0.49400  5.331000E+00
   0.49600  5.415000E+00
   0.49800  5.519000E+00
   0.50000  5.650000E+00
   0.50200  5.822000E+00
   0.50400  6.029000E+00
   0.50600  6.270000E+00
   0.50800  6.611000E+00
   0.51000  6.919000E+00
   0.51200  7.247000E+00
   0.51400  7.685000E+00
   0.51600  8.065000E+00
   0.51800  8.413000E+00
   0.52000  8.822000E+00
   0.52200  9.143000E+00
   0.52400  9.435000E+00
   0.52600  9.713000E+00
   0.52800  9.981000E+00
   0.53000  1.012600E+01
   0.53200  1.027100E+01
   0.53400  1.034300E+01
   0.53600  1.040500E+01
   0.53800  1.047700E+01
   0.54000  1.049600E+01
   0.54200  1.048700E+01
   0.54400  1.050600E+01
   0.54600  1.051100E+01
   0.54800  1.048700E+01
   0.55000  1.046700E+01
   0.55200  1.040800E+01
   0.55400  1.029500E+01
   0.55600  1.019700E+01
   0.55800  1.008200E+01
   0.56000  9.865000E+00
   0.56200  9.655000E+00
   0.56400  9.421000E+00
   0.56600  9.096000E+00
   0.56800  8.788000E+00
   0.57000  8.518000E+00
   0.57200  8.268000E+00
   0.57400  8.080000E+00
   0.57600  7.872000E+00
   0.57800  7.657000E+00
   0.58000  7.459000E+00
   0.58200  7.321000E+00
   0.58400  7.179000E+00
   0.58600  7.029000E+00
   0.58800  6.932000E+00
   0.59000  6.878000E+00
   0.59200  6.818000E+00
   0.59400  6.770000E+00
   0.59600  6.764000E+00
   0.59800  6.771000E+00
   0.60000  6.776000E+00
   0.60200  6.689000E+00
   0.60400  6.524000E+00
   0.60600  6.295000E+00
   0.60800  6.136000E+00
   0.61000  6.050000E+00
   0.61200  6.007000E+00
   0.61400  5.957000E+00
   0.61600  5.852000E+00
   0.61800  5.762000E+00
   0.62000  5.718000E+00
   0.62200  5.669000E+00
   0.62400  5.610000E+00
   0.62600  5.596000E+00
   0.62800  5.579000E+00
   0.63000  5.519000E+00
   0.63200  5.474000E+00
   0.63400  5.387000E+00
   0.63600  5.238000E+00
   0.63800  5.121000E+00
   0.64000  5.007000E+00
   0.64200  4.877000E+00
   0.64400  4.758000E+00
   0.64600  4.696000E+00
   0.64800  4.629000E+00
   0.65000  4.567000E+00
   0.65200  4.522000E+00
   0.65400  4.453000E+00
   0.65600  4.324000E+00
   0.65800  4.183000E+00
   0.66000  4.157000E+00
   0.66200  4.124000E+00
   0.66400  4.053000E+00
   0.66600  4.041000E+00
   0.66800  4.065000E+00
   0.67000  4.060000E+00
   0.67200  4.074000E+00
   0.67400  4.111000E+00
   0.67600  4.154000E+00
   0.67800  4.227000E+00
   0.68000  4.346000E+00
   0.68200  4.524000E+00
   0.68400  4.748000E+00
   0.68600  5.012000E+00
   0.68800  5.332000E+00
   0.69000  5.732000E+00
   0.69200  6.426000E+00
   0.69400  7.438000E+00
   0.69600  8.604000E+00
   0.69800  9.726000E+00
   0.70000  1.110500E+01
   0.70200  1.254900E+01
   0.70400  1.395600E+01
   0.70600  1.552500E+01
   0.70800  1.724100E+01
   0.71000  1.889400E+01
   0.71200  2.063700E+01
   0.71400  2.251400E+01
   0.71600  2.433600E+01
   0.71800  2.621200E+01
   0.72000  2.826100E+01
   0.72200  3.019600E+01
   0.72400  3.197200E+01
   0.72600  3.392300E+01
   0.72800  3.564800E+01
   0.73000  3.723200E+01
   0.73200  3.889600E+01
   0.73400  4.034100E+01
   0.73600  4.161300E+01
   0.73800  4.284300E+01
   0.74000  4.398600E+01
   0.74200  4.489400E+01
   0.74400  4.575400E+01
   0.74600  4.644000E+01
   0.74800  4.698400E+01
   0.75000  4.751100E+01
   0.75200  4.800500E+01
   0.75400  4.840900E+01
   0.75600  4.872400E+01
   0.75800  4.896000E+01
   0.76000  4.912000E+01
   0.76200  4.928100E+01
   0.76400  4.944800E+01
   0.76600  4.958200E+01
   0.76800  4.970800E+01
   0.77000  4.987100E+01
   0.77200  5.001400E+01
   0.77400  5.010800E+01
   0.77600  5.017400E+01
   0.77800  5.025400E+01
   0.78000  5.032900E+01
   0.78200  5.040900E+01
   0.78400  5.045700E+01
   0.78600  5.048100E+01
   0.78800  5.055400E+01
   0.79000  5.058600E+01
   0.79200  5.060900E+01
   0.79400  5.060800E+01
   0.79600  5.059100E+01
   0.79800  5.065100E+01
   0.80000  5.074200E+01
   0.82000  5.103900E+01
   0.84000  5.135300E+01
   0.86000  5.167200E+01
   0.88000  5.168600E+01
   0.90000  5.154400E+01
   0.92000  5.139000E+01
   0.94000  5.036000E+01
   0.96000  4.819900E+01
   0.98000  4.798600E+01
   1.00000  4.874600E+01
   1.02000  4.994400E+01
   1.04000  5.121100E+01
   1.06000  5.237800E+01
   1.08000  5.248500E+01
   1.10000  5.196600E+01
   1.12000  5.062400E+01
   1.14000  4.582400E+01
   1.16000  4.323100E+01
   1.18000  4.213100E+01
   1.20000  4.245300E+01
   1.22000  4.331400E+01
   1.24000  4.426000E+01
   1.26000  4.478300E+01
   1.28000  4.413700E+01
   1.30000  4.214600E+01
   1.32000  3.834000E+01
   1.34000  3.436300E+01
   1.36000  3.054400E+01
   1.38000  2.171600E+01
   1.40000  1.330800E+01
   1.42000  1.084100E+01
   1.44000  1.014700E+01
   1.46000  1.040100E+01
   1.48000  1.197300E+01
   1.50000  1.385400E+01
   1.52000  1.572900E+01
   1.54000  1.788800E+01
   1.56000  1.966300E+01
   1.58000  2.110200E+01
   1.60000  2.255000E+01
   1.62000  2.395700E+01
   1.64000  2.490400E+01
   1.66000  2.552900E+01
   1.68000  2.597700E+01
   1.70000  2.593000E+01
   1.72000  2.504600E+01
   1.74000  2.501600E+01
   1.76000  2.360200E+01
   1.78000  2.387000E+01
   1.80000  2.252400E+01
   1.82000  1.949500E+01
   1.84000  1.264400E+01
   1.86000  6.265000E+00
   1.88000  4.270000E+00
   1.90000  3.876000E+00
   1.92000  4.015000E+00
   1.94000  4.528000E+00
   1.96000  5.229000E+00
   1.98000  6.210000E+00
   2.00000  7.119000E+00
   2.02000  8.072000E+00
   2.04000  8.736000E+00
   2.06000  9.289000E+00
   2.08000  1.016800E+01
   2.10000  1.057900E+01
   2.12000  1.135000E+01
   2.14000  1.195700E+01
   2.16000  1.224800E+01
   2.18000  1.272500E+01
   2.20000  1.270500E+01
   2.22000  1.216300E+01
   2.24000  1.183200E+01
   2.26000  1.119400E+01
   2.28000  1.054700E+01
   2.30000  9.616000E+00
   2.32000  8.797000E+00
   2.34000  8.123000E+00
   2.36000  7.258000E+00
   2.38000  6.343000E+00
   2.40000  5.554000E+00
   2.42000  4.886000E+00
   2.44000  4.535000E+00
   2.46000  4.393000E+00
   2.48000  4.300000E+00
   2.50000  4.038000E+00
   2.52000  3.907000E+00
   2.54000  3.776000E+00
   2.56000  3.646000E+00
   2.58000  3.515000E+00
   2.60000  3.384000E+00
   2.62000  3.253000E+00
   2.64000  3.122000E+00
   2.66000  2.991000E+00
   2.68000  2.860000E+00
   2.70000  2.729000E+00
   2.72000  2.599000E+00
   2.74000  2.468000E+00
   2.76000  2.337000E+00
   2.78000  2.206000E+00
   2.80000  2.075000E+00
   2.82000  1.944000E+00
   2.84000  1.813000E+00
   2.86000  1.682000E+00
   2.88000  1.551000E+00
   2.90000  1.421000E+00
   2.92000  1.290000E+00
   2.94000  1.159000E+00
   2.96000  1.028000E+00
   2.98000  8.990000E-01
   3.00000  9.010000E-01
   3.02000  9.000000E-01
   3.04000  8.970000E-01
   3.06000  8.970000E-01
   3.08000  8.970000E-01
   3.10000  8.930000E-01
   3.12000  8.920000E-01
   3.14000  8.950000E-01
   3.16000  8.900000E-01
   3.18000  8.730000E-01
   3.20000  8.730000E-01
   3.22000  8.690000E-01
   3.24000  8.530000E-01
   3.26000  8.570000E-01
   3.28000  8.280000E-01
   3.30000  8.260000E-01
   3.32000  8.100000E-01
   3.34000  7.760000E-01
   3.36000  7.220000E-01
   3.38000  6.430000E-01
   3.40000  5.340000E-01
   3.42000  1.028000E+00
   3.44000  1.445000E+00
   3.46000  1.161000E+00
   3.48000  1.003000E+00
   3.50000  9.320000E-01
   3.52000  1.598000E+00
   3.54000  1.248000E+00
   3.56000  1.191000E+00
   3.58000  1.169000E+00
   3.60000  1.158000E+00
   3.62000  1.149000E+00
   3.64000  1.143000E+00
   3.66000  1.151000E+00
   3.68000  1.145000E+00
   3.70000  1.152000E+00
   3.72000  1.163000E+00
   3.74000  1.174000E+00
   3.76000  1.185000E+00
   3.78000  1.199000E+00
   3.80000  1.215000E+00
   3.82000  1.223000E+00
   3.84000  1.235000E+00
   3.86000  1.244000E+00
   3.88000  1.253000E+00
   3.90000  1.258000E+00
   3.92000  1.262000E+00
   3.94000  1.265000E+00
   3.96000  1.269000E+00
   3.98000  1.271000E+00
   4.00000  1.274000E+00
   4.02000  1.280000E+00
   4.04000  1.282000E+00
   4.06000  1.286000E+00
   4.08000  1.284000E+00
   4.10000  1.282000E+00
   4.12000  1.281000E+00
   4.14000  1.278000E+00
   4.16000  1.279000E+00
   4.18000  1.270000E+00
   4.20000  1.259000E+00
   4.22000  1.245000E+00
   4.24000  1.236000E+00
   4.26000  1.211000E+00
   4.28000  1.199000E+00
   4.30000  1.202000E+00
   4.32000  1.199000E+00
   4.34000  1.184000E+00
   4.36000  1.179000E+00
   4.38000  1.162000E+00
   4.40000  1.158000E+00
   4.42000  1.152000E+00
   4.44000  1.139000E+00
   4.46000  1.130000E+00
   4.48000  1.121000E+00
   4.50000  1.112000E+00
   4.52000  1.102000E+00
   4.54000  1.100000E+00
   4.56000  1.094000E+00
   4.58000  1.088000E+00
   4.60000  1.078000E+00
   4.62000  1.082000E+00
   4.64000  1.079000E+00
   4.66000  1.074000E+00
   4.68000  1.071000E+00
   4.70000  1.070000E+00
   4.72000  1.069000E+00
   4.74000  1.069000E+00
   4.76000  1.068000E+00
   4.78000  1.066000E+00
   4.80000  1.069000E+00
   4.82000  1.074000E+00
   4.84000  1.081000E+00
   4.86000  1.084000E+00
   4.88000  1.089000E+00
   4.90000  1.091000E+00
   4.92000  1.094000E+00
   4.94000  1.098000E+00
   4.96000  1.106000E+00
   4.98000  1.116000E+00
   5.00000  1.125000E+00
   5.10000  1.157000E+00
   5.20000  1.181000E+00
   5.30000  1.187000E+00
   5.40000  1.162000E+00
   5.50000  1.117000E+00
   5.60000  1.020000E+00
   5.70000  7.620000E-01
   5.80000  1.230000E+00
   5.90000  1.162000E+00
   6.00000  1.131000E+00
   6.10000  1.058000E+00
   6.20000  1.200000E+00
   6.30000  9.360000E-01
   6.40000  9.390000E-01
   6.50000  9.500000E-01
   6.60000  9.330000E-01
   6.70000  8.800000E-01
   6.80000  9.710000E-01
   6.90000  9.630000E-01
   7.00000  9.280000E-01
   7.10000  9.780000E-01
   7.20000  9.280000E-01
   7.30000  8.740000E-01
   7.40000  8.680000E-01
   7.50000  8.990000E-01
   7.60000  8.360000E-01
   7.70000  8.390000E-01
   7.80000  8.390000E-01
   7.90000  7.980000E-01
   8.00000  7.870000E-01
   8.10000  8.200000E-01
   8.20000  8.220000E-01
   8.30000  8.050000E-01
   8.40000  8.270000E-01
   8.50000  8.710000E-01
   8.60000  1.041000E+00
   8.70000  1.050000E+00
   8.80000  1.042000E+00
   8.90000  1.008000E+00
   9.00000  1.005000E+00
   9.10000  1.011000E+00
   9.20000  9.710000E-01
   9.30000  9.670000E-01
   9.40000  9.650000E-01
   9.50000  9.470000E-01
   9.60000  9.240000E-01
   9.70000  8.730000E-01
   9.80000  8.730000E-01
   9.90000  9.350000E-01
  10.00000  9.830000E-01
  10.10000  1.044000E+00
  10.20000  1.102000E+00
  10.30000  1.109000E+00
  10.40000  1.120000E+00
  10.50000  1.132000E+00
  10.60000  1.119000E+00
  10.70000  1.119000E+00
  10.80000  1.121000E+00
  10.90000  1.132000E+00
  11.00000  1.109000E+00
  11.10000  1.074000E+00
  11.20000  1.059000E+00
  11.30000  1.041000E+00
  11.40000  1.017000E+00
  11.50000  1.003000E+00
  11.60000  9.880000E-01
  11.70000  9.790000E-01
  11.80000  9.520000E-01
  11.90000  9.130000E-01
  12.00000  9.050000E-01
  12.10000  9.000000E-01
  12.20000  8.680000E-01
  12.30000  8.440000E-01
  12.40000  8.440000E-01
  12.50000  8.540000E-01
  12.60000  8.430000E-01
  12.70000  7.970000E-01
  12.80000  7.740000E-01
  12.90000  7.930000E-01
  13.00000  8.000000E-01
  13.10000  7.910000E-01
  13.20000  7.850000E-01
  13.30000  7.710000E-01
  13.40000  7.610000E-01
  13.50000  7.620000E-01
  13.60000  7.780000E-01
  13.70000  8.150000E-01
  13.80000  8.700000E-01
  13.90000  9.140000E-01
  14.00000  9.040000E-01
