        2559
   0.38049  1.424900E+01
   0.38299  1.425100E+01
   0.38544  1.454600E+01
   0.38791  1.469400E+01
   0.39038  1.484200E+01
   0.39286  1.499000E+01
   0.39531  1.528500E+01
   0.39778  1.543400E+01
   0.40023  1.572900E+01
   0.40271  1.587700E+01
   0.40516  1.617200E+01
   0.40763  1.632000E+01
   0.41006  1.676200E+01
   0.41251  1.705700E+01
   0.41496  1.735200E+01
   0.41743  1.750000E+01
   0.41991  1.764900E+01
   0.42238  1.779700E+01
   0.42485  1.794500E+01
   0.42730  1.824000E+01
   0.42976  1.853500E+01
   0.43223  1.868300E+01
   0.43470  1.883100E+01
   0.43713  1.927300E+01
   0.43956  1.971500E+01
   0.44203  1.986300E+01
   0.44448  2.015800E+01
   0.44695  2.030700E+01
   0.44943  2.045500E+01
   0.45190  2.060300E+01
   0.45435  2.089800E+01
   0.45683  2.104600E+01
   0.45928  2.134100E+01
   0.46173  2.163600E+01
   0.46415  2.207800E+01
   0.46663  2.222600E+01
   0.46913  2.222800E+01
   0.47155  2.267000E+01
   0.47403  2.281800E+01
   0.47648  2.311300E+01
   0.47895  2.326100E+01
   0.48140  2.355600E+01
   0.48387  2.370400E+01
   0.48635  2.385200E+01
   0.48882  2.400100E+01
   0.49127  2.429600E+01
   0.49375  2.444400E+01
   0.49620  2.473900E+01
   0.49865  2.503400E+01
   0.50112  2.518200E+01
   0.50359  2.533000E+01
   0.50604  2.562500E+01
   0.50852  2.577400E+01
   0.51097  2.606900E+01
   0.51344  2.621700E+01
   0.51589  2.651200E+01
   0.51834  2.680700E+01
   0.52082  2.695500E+01
   0.52327  2.725000E+01
   0.52570  2.769200E+01
   0.52817  2.784000E+01
   0.53060  2.828200E+01
   0.53305  2.857700E+01
   0.53550  2.887200E+01
   0.53797  2.902000E+01
   0.54040  2.946200E+01
   0.54287  2.961000E+01
   0.54527  3.019900E+01
   0.54775  3.034700E+01
   0.55020  3.064200E+01
   0.55267  3.079100E+01
   0.55512  3.108600E+01
   0.55760  3.123400E+01
   0.56007  3.138200E+01
   0.56254  3.153000E+01
   0.56499  3.182500E+01
   0.56747  3.197300E+01
   0.56992  3.226900E+01
   0.57239  3.241700E+01
   0.57482  3.285900E+01
   0.57729  3.300700E+01
   0.57974  3.330200E+01
   0.58222  3.345000E+01
   0.58464  3.389200E+01
   0.58714  3.389300E+01
   0.58957  3.433500E+01
   0.59202  3.463000E+01
   0.59449  3.477800E+01
   0.59694  3.507300E+01
   0.59942  3.522200E+01
   0.60187  3.551700E+01
   0.60434  3.566500E+01
   0.60679  3.596000E+01
   0.60927  3.610800E+01
   0.61172  3.640300E+01
   0.61419  3.655100E+01
   0.61664  3.684600E+01
   0.61909  3.714100E+01
   0.62154  3.743600E+01
   0.62401  3.758500E+01
   0.62644  3.802700E+01
   0.62892  3.817500E+01
   0.63139  3.832300E+01
   0.63382  3.876500E+01
   0.63629  3.891300E+01
   0.63874  3.920800E+01
   0.64122  3.935600E+01
   0.64364  3.979800E+01
   0.64612  3.994600E+01
   0.64857  4.024100E+01
   0.65104  4.038900E+01
   0.65349  4.068500E+01
   0.65596  4.083300E+01
   0.65839  4.127500E+01
   0.66087  4.142300E+01
   0.66329  4.186500E+01
   0.66577  4.201300E+01
   0.66822  4.230800E+01
   0.67069  4.245600E+01
   0.67309  4.304500E+01
   0.67557  4.319300E+01
   0.67799  4.363500E+01
   0.68045  4.393000E+01
   0.68290  4.422500E+01
   0.68537  4.437300E+01
   0.68780  4.481500E+01
   0.69027  4.496300E+01
   0.69270  4.540500E+01
   0.69517  4.555300E+01
   0.69760  4.599500E+01
   0.70007  4.614300E+01
   0.70250  4.658500E+01
   0.70497  4.673300E+01
   0.70742  4.702800E+01
   0.70990  4.717700E+01
   0.71228  4.791200E+01
   0.71477  4.791400E+01
   0.71720  4.835500E+01
   0.71965  4.865000E+01
   0.72210  4.894600E+01
   0.72457  4.909400E+01
   0.72705  4.924200E+01
   0.72952  4.939000E+01
   0.73197  4.968500E+01
   0.73445  4.983300E+01
   0.73690  5.012800E+01
   0.73937  5.027700E+01
   0.74185  5.042500E+01
   0.74434  5.042600E+01
   0.74679  5.072100E+01
   0.74929  5.072300E+01
   0.75174  5.101800E+01
   0.75424  5.101900E+01
   0.75669  5.131400E+01
   0.75916  5.146200E+01
   0.76164  5.161100E+01
   0.76413  5.161200E+01
   0.76661  5.176000E+01
   0.76908  5.190800E+01
   0.77153  5.220300E+01
   0.77403  5.220500E+01
   0.77648  5.250000E+01
   0.77898  5.250100E+01
   0.78145  5.264900E+01
   0.78392  5.279700E+01
   0.78640  5.294600E+01
   0.78887  5.309400E+01
   0.79134  5.324200E+01
   0.79384  5.324300E+01
   0.79632  5.339200E+01
   0.79877  5.368700E+01
   0.80126  5.368800E+01
   0.80374  5.383600E+01
   0.80621  5.398400E+01
   0.80868  5.413300E+01
   0.81116  5.428100E+01
   0.81361  5.457600E+01
   0.81611  5.457700E+01
   0.81858  5.472600E+01
   0.82105  5.487400E+01
   0.82353  5.502200E+01
   0.82600  5.517000E+01
   0.82847  5.531800E+01
   0.83097  5.532000E+01
   0.83342  5.561500E+01
   0.83590  5.576300E+01
   0.83837  5.591100E+01
   0.84084  5.605900E+01
   0.84332  5.620800E+01
   0.84579  5.635600E+01
   0.84826  5.650400E+01
   0.85074  5.665200E+01
   0.85324  5.665300E+01
   0.85571  5.680200E+01
   0.85816  5.709700E+01
   0.86066  5.709800E+01
   0.86311  5.739300E+01
   0.86558  5.754100E+01
   0.86805  5.769000E+01
   0.87053  5.783800E+01
   0.87300  5.798600E+01
   0.87550  5.798700E+01
   0.87797  5.813600E+01
   0.88045  5.828400E+01
   0.88290  5.857900E+01
   0.88539  5.858000E+01
   0.88785  5.887500E+01
   0.89034  5.887700E+01
   0.89279  5.917200E+01
   0.89529  5.917300E+01
   0.89776  5.932100E+01
   0.90024  5.946900E+01
   0.90269  5.976400E+01
   0.90519  5.976600E+01
   0.90764  6.006100E+01
   0.91013  6.006200E+01
   0.91258  6.035700E+01
   0.91508  6.035900E+01
   0.91753  6.065400E+01
   0.92003  6.065500E+01
   0.92248  6.095000E+01
   0.92498  6.095100E+01
   0.92743  6.124600E+01
   0.92990  6.139500E+01
   0.93237  6.154300E+01
   0.93487  6.154400E+01
   0.93732  6.183900E+01
   0.93982  6.184100E+01
   0.94232  6.184200E+01
   0.94479  6.199000E+01
   0.94729  6.199200E+01
   0.94976  6.214000E+01
   0.95226  6.214100E+01
   0.95473  6.228900E+01
   0.95723  6.229100E+01
   0.95973  6.229200E+01
   0.96222  6.229400E+01
   0.96470  6.244200E+01
   0.96719  6.244300E+01
   0.96967  6.259100E+01
   0.97216  6.259300E+01
   0.97466  6.259400E+01
   0.97714  6.274200E+01
   0.97963  6.274400E+01
   0.98213  6.274500E+01
   0.98460  6.289300E+01
   0.98710  6.289500E+01
   0.98958  6.304300E+01
   0.99207  6.304400E+01
   0.99455  6.319200E+01
   0.99704  6.319400E+01
   0.99952  6.334200E+01
   1.00200  6.349000E+01
   1.00450  6.349200E+01
   1.00700  6.349300E+01
   1.00950  6.364100E+01
   1.01200  6.364300E+01
   1.01440  6.379100E+01
   1.01690  6.379200E+01
   1.01940  6.379400E+01
   1.02190  6.379500E+01
   1.02440  6.394300E+01
   1.02690  6.394400E+01
   1.02940  6.409300E+01
   1.03190  6.409400E+01
   1.03440  6.409500E+01
   1.03690  6.409700E+01
   1.03930  6.424500E+01
   1.04180  6.424600E+01
   1.04430  6.439500E+01
   1.04680  6.439600E+01
   1.04930  6.454400E+01
   1.05180  6.454500E+01
   1.05420  6.469400E+01
   1.05670  6.469500E+01
   1.05920  6.484300E+01
   1.06170  6.484500E+01
   1.06420  6.499300E+01
   1.06670  6.499400E+01
   1.06920  6.499600E+01
   1.07170  6.499700E+01
   1.07410  6.514500E+01
   1.07670  6.514600E+01
   1.07910  6.514800E+01
   1.08160  6.529600E+01
   1.08410  6.529800E+01
   1.08660  6.529900E+01
   1.08910  6.530000E+01
   1.09160  6.530200E+01
   1.09410  6.545000E+01
   1.09660  6.545100E+01
   1.09910  6.545200E+01
   1.10160  6.545400E+01
   1.10410  6.560200E+01
   1.10650  6.560400E+01
   1.10900  6.560500E+01
   1.11150  6.560600E+01
   1.11400  6.560800E+01
   1.11650  6.560900E+01
   1.11900  6.561000E+01
   1.12150  6.561200E+01
   1.12400  6.561300E+01
   1.12650  6.561500E+01
   1.12900  6.561600E+01
   1.13150  6.561700E+01
   1.13400  6.561900E+01
   1.13650  6.562000E+01
   1.13900  6.562100E+01
   1.14150  6.562300E+01
   1.14400  6.562400E+01
   1.14650  6.562500E+01
   1.14900  6.562700E+01
   1.15150  6.562800E+01
   1.15400  6.563000E+01
   1.15650  6.563100E+01
   1.15900  6.563200E+01
   1.16150  6.563400E+01
   1.16400  6.548800E+01
   1.16650  6.549000E+01
   1.16900  6.549100E+01
   1.17150  6.534600E+01
   1.17400  6.534700E+01
   1.17650  6.520200E+01
   1.17900  6.520300E+01
   1.18160  6.505700E+01
   1.18400  6.505900E+01
   1.18660  6.506000E+01
   1.18900  6.506200E+01
   1.19150  6.506300E+01
   1.19400  6.521100E+01
   1.19650  6.535900E+01
   1.19890  6.565400E+01
   1.20140  6.580300E+01
   1.20390  6.609800E+01
   1.20630  6.639300E+01
   1.20880  6.654100E+01
   1.21130  6.668900E+01
   1.21370  6.683700E+01
   1.21620  6.683900E+01
   1.21870  6.684000E+01
   1.22120  6.684100E+01
   1.22370  6.684300E+01
   1.22620  6.684400E+01
   1.22870  6.684600E+01
   1.23120  6.684700E+01
   1.23370  6.684800E+01
   1.23620  6.685000E+01
   1.23870  6.685100E+01
   1.24120  6.685200E+01
   1.24370  6.670700E+01
   1.24620  6.670800E+01
   1.24870  6.671000E+01
   1.25120  6.671100E+01
   1.25370  6.671300E+01
   1.25620  6.671400E+01
   1.25870  6.671500E+01
   1.26120  6.686300E+01
   1.26370  6.701200E+01
   1.26610  6.716000E+01
   1.26860  6.716100E+01
   1.27110  6.760300E+01
   1.27360  6.760400E+01
   1.27600  6.760600E+01
   1.27860  6.746000E+01
   1.28110  6.746200E+01
   1.28360  6.746300E+01
   1.28610  6.746500E+01
   1.28860  6.746600E+01
   1.29110  6.732000E+01
   1.29360  6.732200E+01
   1.29610  6.732300E+01
   1.29860  6.732500E+01
   1.30110  6.732600E+01
   1.30360  6.732700E+01
   1.30610  6.732900E+01
   1.30860  6.718300E+01
   1.31110  6.718500E+01
   1.31360  6.703900E+01
   1.31610  6.704100E+01
   1.31860  6.704200E+01
   1.32110  6.689600E+01
   1.32360  6.675100E+01
   1.32610  6.675200E+01
   1.32860  6.660700E+01
   1.33120  6.646100E+01
   1.33370  6.646300E+01
   1.33620  6.631700E+01
   1.33870  6.602500E+01
   1.34120  6.602600E+01
   1.34380  6.573400E+01
   1.34630  6.558900E+01
   1.34880  6.544300E+01
   1.35140  6.515100E+01
   1.35390  6.500600E+01
   1.35640  6.486000E+01
   1.35900  6.456800E+01
   1.36150  6.442200E+01
   1.36400  6.413000E+01
   1.36650  6.413100E+01
   1.36900  6.398600E+01
   1.37160  6.369400E+01
   1.37410  6.340200E+01
   1.37660  6.325600E+01
   1.37920  6.281700E+01
   1.38170  6.267100E+01
   1.38430  6.237900E+01
   1.38680  6.194000E+01
   1.38940  6.135400E+01
   1.39190  6.135500E+01
   1.39450  6.076900E+01
   1.39710  6.047700E+01
   1.39960  6.018500E+01
   1.40220  5.989300E+01
   1.40470  5.930700E+01
   1.40730  5.901400E+01
   1.40990  5.857500E+01
   1.41240  5.843000E+01
   1.41490  5.799100E+01
   1.41750  5.769900E+01
   1.42000  5.740600E+01
   1.42260  5.711400E+01
   1.42510  5.682200E+01
   1.42760  5.667600E+01
   1.43020  5.623700E+01
   1.43270  5.609200E+01
   1.43530  5.579900E+01
   1.43780  5.580100E+01
   1.44030  5.565500E+01
   1.44280  5.551000E+01
   1.44530  5.536400E+01
   1.44780  5.536600E+01
   1.45030  5.522000E+01
   1.45290  5.507500E+01
   1.45540  5.507600E+01
   1.45790  5.507800E+01
   1.46040  5.507900E+01
   1.46280  5.508000E+01
   1.46540  5.508200E+01
   1.46780  5.508300E+01
   1.47030  5.508400E+01
   1.47280  5.523300E+01
   1.47530  5.523400E+01
   1.47780  5.552900E+01
   1.48030  5.553000E+01
   1.48270  5.582500E+01
   1.48520  5.582700E+01
   1.48760  5.626900E+01
   1.49010  5.641700E+01
   1.49260  5.656500E+01
   1.49510  5.656600E+01
   1.49760  5.671500E+01
   1.50000  5.686300E+01
   1.50250  5.686400E+01
   1.50500  5.686600E+01
   1.50750  5.686700E+01
   1.51000  5.686800E+01
   1.51250  5.701700E+01
   1.51500  5.701800E+01
   1.51750  5.701900E+01
   1.52000  5.702100E+01
   1.52250  5.702200E+01
   1.52500  5.702300E+01
   1.52750  5.702500E+01
   1.53000  5.702600E+01
   1.53250  5.688100E+01
   1.53500  5.688200E+01
   1.53750  5.673700E+01
   1.54000  5.673800E+01
   1.54250  5.659300E+01
   1.54500  5.659400E+01
   1.54750  5.674200E+01
   1.55000  5.689000E+01
   1.55250  5.689200E+01
   1.55500  5.689300E+01
   1.55750  5.689400E+01
   1.55990  5.704300E+01
   1.56240  5.719100E+01
   1.56490  5.733900E+01
   1.56740  5.748700E+01
   1.56980  5.778200E+01
   1.57220  5.822400E+01
   1.57470  5.837200E+01
   1.57720  5.837400E+01
   1.57970  5.866900E+01
   1.58210  5.881700E+01
   1.58460  5.896500E+01
   1.58710  5.911400E+01
   1.58960  5.926200E+01
   1.59200  5.941000E+01
   1.59450  5.941100E+01
   1.59700  5.955900E+01
   1.59950  5.970800E+01
   1.60200  5.970900E+01
   1.60450  5.971000E+01
   1.60700  5.971200E+01
   1.60950  5.971300E+01
   1.61190  5.986100E+01
   1.61440  5.986300E+01
   1.61690  6.001100E+01
   1.61940  6.001200E+01
   1.62190  6.001400E+01
   1.62440  6.001500E+01
   1.62690  6.001600E+01
   1.62940  6.001800E+01
   1.63190  6.001900E+01
   1.63440  6.002000E+01
   1.63690  6.002200E+01
   1.63940  6.002300E+01
   1.64190  6.002500E+01
   1.64440  6.002600E+01
   1.64690  6.002700E+01
   1.64940  6.002900E+01
   1.65190  6.003000E+01
   1.65440  5.988500E+01
   1.65690  5.988600E+01
   1.65940  5.974100E+01
   1.66190  5.959500E+01
   1.66450  5.945000E+01
   1.66700  5.930400E+01
   1.66950  5.915900E+01
   1.67200  5.901300E+01
   1.67450  5.886800E+01
   1.67700  5.872200E+01
   1.67960  5.857700E+01
   1.68210  5.857800E+01
   1.68460  5.843300E+01
   1.68710  5.843400E+01
   1.68960  5.828900E+01
   1.69210  5.814300E+01
   1.69460  5.814500E+01
   1.69710  5.799900E+01
   1.69960  5.800100E+01
   1.70210  5.800200E+01
   1.70460  5.800300E+01
   1.70710  5.785800E+01
   1.70970  5.785900E+01
   1.71220  5.771400E+01
   1.71470  5.771500E+01
   1.71720  5.771700E+01
   1.71970  5.771800E+01
   1.72220  5.771900E+01
   1.72470  5.772100E+01
   1.72720  5.772200E+01
   1.72970  5.757700E+01
   1.73220  5.757800E+01
   1.73470  5.757900E+01
   1.73720  5.758100E+01
   1.73960  5.772900E+01
   1.74210  5.773000E+01
   1.74460  5.773200E+01
   1.74710  5.773300E+01
   1.74960  5.773400E+01
   1.75210  5.788300E+01
   1.75460  5.788400E+01
   1.75710  5.788500E+01
   1.75960  5.803400E+01
   1.76210  5.803500E+01
   1.76460  5.803600E+01
   1.76710  5.803800E+01
   1.76950  5.818600E+01
   1.77200  5.818700E+01
   1.77450  5.818900E+01
   1.77700  5.833700E+01
   1.77950  5.833800E+01
   1.78200  5.834000E+01
   1.78450  5.848800E+01
   1.78700  5.848900E+01
   1.78940  5.863700E+01
   1.79190  5.863900E+01
   1.79440  5.878700E+01
   1.79690  5.878800E+01
   1.79940  5.879000E+01
   1.80190  5.893800E+01
   1.80440  5.893900E+01
   1.80690  5.894100E+01
   1.80940  5.894200E+01
   1.81190  5.894300E+01
   1.81440  5.894500E+01
   1.81690  5.894600E+01
   1.81930  5.909500E+01
   1.82180  5.909600E+01
   1.82430  5.924400E+01
   1.82680  5.924600E+01
   1.82930  5.924700E+01
   1.83180  5.910100E+01
   1.83430  5.910300E+01
   1.83680  5.910400E+01
   1.83930  5.895800E+01
   1.84180  5.896000E+01
   1.84430  5.896100E+01
   1.84690  5.866900E+01
   1.84940  5.867100E+01
   1.85190  5.823100E+01
   1.85450  5.808600E+01
   1.85700  5.764700E+01
   1.85950  5.750100E+01
   1.86230  5.618100E+01
   1.86480  5.574200E+01
   1.86750  5.471600E+01
   1.87000  5.457000E+01
   1.87270  5.354400E+01
   1.87520  5.310500E+01
   1.87790  5.207800E+01
   1.88040  5.193300E+01
   1.88300  5.120000E+01
   1.88560  5.105500E+01
   1.88810  5.046900E+01
   1.89070  5.017600E+01
   1.89350  4.841600E+01
   1.89600  4.827000E+01
   1.89870  4.724400E+01
   1.90120  4.695200E+01
   1.90360  4.739400E+01
   1.90610  4.768900E+01
   1.90900  4.490000E+01
   1.91150  4.475500E+01
   1.91400  4.460900E+01
   1.91660  4.446400E+01
   1.91900  4.461200E+01
   1.92150  4.461300E+01
   1.92400  4.476200E+01
   1.92650  4.491000E+01
   1.92900  4.505800E+01
   1.93140  4.520600E+01
   1.93390  4.550100E+01
   1.93640  4.550300E+01
   1.93890  4.565100E+01
   1.94140  4.565200E+01
   1.94380  4.594700E+01
   1.94630  4.594900E+01
   1.94870  4.639000E+01
   1.95120  4.639200E+01
   1.95360  4.698100E+01
   1.95610  4.727600E+01
   1.95850  4.757100E+01
   1.96100  4.801200E+01
   1.96340  4.816100E+01
   1.96590  4.845600E+01
   1.96840  4.860400E+01
   1.97080  4.889900E+01
   1.97330  4.890000E+01
   1.97580  4.919500E+01
   1.97820  4.934400E+01
   1.98070  4.949200E+01
   1.98320  4.978700E+01
   1.98560  5.008200E+01
   1.98810  5.008300E+01
   1.99060  5.023100E+01
   1.99310  5.023300E+01
   1.99560  5.008700E+01
   1.99810  5.008900E+01
   2.00060  4.994300E+01
   2.00310  4.979800E+01
   2.00570  4.965200E+01
   2.00820  4.950700E+01
   2.01070  4.921500E+01
   2.01320  4.906900E+01
   2.01580  4.863000E+01
   2.01830  4.848500E+01
   2.02090  4.819200E+01
   2.02340  4.804700E+01
   2.02600  4.760800E+01
   2.02850  4.731500E+01
   2.03100  4.702300E+01
   2.03360  4.687800E+01
   2.03610  4.658500E+01
   2.03860  4.644000E+01
   2.04120  4.614800E+01
   2.04370  4.600200E+01
   2.04620  4.585700E+01
   2.04870  4.571100E+01
   2.05130  4.556600E+01
   2.05380  4.542000E+01
   2.05630  4.527500E+01
   2.05880  4.527600E+01
   2.06130  4.513100E+01
   2.06380  4.513200E+01
   2.06630  4.498700E+01
   2.06890  4.484100E+01
   2.07140  4.469600E+01
   2.07390  4.469700E+01
   2.07640  4.455200E+01
   2.07890  4.455300E+01
   2.08140  4.455500E+01
   2.08390  4.455600E+01
   2.08640  4.455700E+01
   2.08890  4.470600E+01
   2.09140  4.456000E+01
   2.09390  4.456100E+01
   2.09640  4.456300E+01
   2.09890  4.456400E+01
   2.10140  4.456500E+01
   2.10380  4.471400E+01
   2.10630  4.471500E+01
   2.10880  4.486300E+01
   2.11130  4.501200E+01
   2.11380  4.486600E+01
   2.11630  4.501400E+01
   2.11880  4.501600E+01
   2.12120  4.531100E+01
   2.12370  4.531200E+01
   2.12620  4.531300E+01
   2.12870  4.531500E+01
   2.13120  4.561000E+01
   2.13370  4.561100E+01
   2.13610  4.576000E+01
   2.13860  4.576100E+01
   2.14110  4.576200E+01
   2.14360  4.576400E+01
   2.14610  4.576500E+01
   2.14860  4.576600E+01
   2.15110  4.576800E+01
   2.15360  4.591600E+01
   2.15610  4.577000E+01
   2.15860  4.577200E+01
   2.16110  4.577300E+01
   2.16360  4.577500E+01
   2.16610  4.577600E+01
   2.16860  4.577700E+01
   2.17110  4.577900E+01
   2.17360  4.578000E+01
   2.17610  4.578100E+01
   2.17860  4.578300E+01
   2.18110  4.578400E+01
   2.18360  4.578500E+01
   2.18610  4.578700E+01
   2.18860  4.578800E+01
   2.19110  4.579000E+01
   2.19360  4.579100E+01
   2.19610  4.579200E+01
   2.19860  4.564700E+01
   2.20110  4.564800E+01
   2.20360  4.550300E+01
   2.20610  4.550400E+01
   2.20860  4.550600E+01
   2.21110  4.536000E+01
   2.21360  4.536100E+01
   2.21610  4.521600E+01
   2.21860  4.521800E+01
   2.22120  4.507200E+01
   2.22370  4.492700E+01
   2.22620  4.492800E+01
   2.22870  4.478200E+01
   2.23120  4.463700E+01
   2.23370  4.449200E+01
   2.23630  4.434600E+01
   2.23880  4.420100E+01
   2.24130  4.405500E+01
   2.24380  4.391000E+01
   2.24640  4.347100E+01
   2.24900  4.288500E+01
   2.25150  4.259200E+01
   2.25400  4.244700E+01
   2.25660  4.200800E+01
   2.25920  4.171500E+01
   2.26170  4.127700E+01
   2.26420  4.113100E+01
   2.26680  4.098600E+01
   2.26930  4.084000E+01
   2.27180  4.069500E+01
   2.27430  4.069600E+01
   2.27680  4.069700E+01
   2.27930  4.069900E+01
   2.28180  4.055300E+01
   2.28430  4.055500E+01
   2.28680  4.055600E+01
   2.28930  4.041100E+01
   2.29180  4.041200E+01
   2.29430  4.041300E+01
   2.29680  4.041500E+01
   2.29930  4.041600E+01
   2.30180  4.041800E+01
   2.30430  4.027200E+01
   2.30680  4.027300E+01
   2.30930  4.027500E+01
   2.31180  4.027600E+01
   2.31430  4.027700E+01
   2.31680  4.027900E+01
   2.31930  4.028000E+01
   2.32180  4.028200E+01
   2.32430  4.028300E+01
   2.32680  4.028400E+01
   2.32930  4.028600E+01
   2.33180  4.028700E+01
   2.33430  4.028800E+01
   2.33680  4.043700E+01
   2.33930  4.043800E+01
   2.34180  4.043900E+01
   2.34430  4.044100E+01
   2.34680  4.044200E+01
   2.34930  4.044400E+01
   2.35180  4.044500E+01
   2.35430  4.044600E+01
   2.35680  4.044800E+01
   2.35930  4.044900E+01
   2.36170  4.045000E+01
   2.36430  4.030500E+01
   2.36670  4.045300E+01
   2.36920  4.045500E+01
   2.37170  4.045600E+01
   2.37420  4.045700E+01
   2.37670  4.045900E+01
   2.37920  4.046000E+01
   2.38170  4.046100E+01
   2.38420  4.046300E+01
   2.38670  4.046400E+01
   2.38920  4.031900E+01
   2.39170  4.032000E+01
   2.39420  4.032200E+01
   2.39680  4.017600E+01
   2.39930  4.003100E+01
   2.40180  4.003200E+01
   2.40430  3.988700E+01
   2.40680  3.974100E+01
   2.40930  3.959600E+01
   2.41180  3.959700E+01
   2.41440  3.930500E+01
   2.41690  3.930600E+01
   2.41940  3.916100E+01
   2.42190  3.886800E+01
   2.42450  3.842900E+01
   2.42710  3.813700E+01
   2.42960  3.799100E+01
   2.43210  3.784600E+01
   2.43460  3.755400E+01
   2.43720  3.740800E+01
   2.43980  3.667600E+01
   2.44230  3.623600E+01
   2.44490  3.594400E+01
   2.44740  3.579900E+01
   2.44990  3.565300E+01
   2.45240  3.550800E+01
   2.45500  3.521500E+01
   2.45750  3.521700E+01
   2.46010  3.477800E+01
   2.46260  3.448500E+01
   2.46510  3.434000E+01
   2.46760  3.434100E+01
   2.47020  3.404900E+01
   2.47270  3.390400E+01
   2.47520  3.375800E+01
   2.47770  3.346600E+01
   2.48030  3.332000E+01
   2.48280  3.302800E+01
   2.48530  3.288300E+01
   2.48780  3.273700E+01
   2.49040  3.259200E+01
   2.49120  3.273000E+01
   2.49240  3.267000E+01
   2.49360  3.246600E+01
   2.49480  3.245300E+01
   2.49600  3.248600E+01
   2.49720  3.250300E+01
   2.49840  3.266300E+01
   2.49960  3.268900E+01
   2.50080  3.268200E+01
   2.50200  3.271100E+01
   2.50320  3.268800E+01
   2.50440  3.278800E+01
   2.50560  3.289400E+01
   2.50680  3.291000E+01
   2.50810  3.286300E+01
   2.50930  3.289100E+01
   2.51050  3.297200E+01
   2.51170  3.302700E+01
   2.51290  3.307700E+01
   2.51410  3.311200E+01
   2.51540  3.308900E+01
   2.51660  3.310300E+01
   2.51780  3.329400E+01
   2.51900  3.351400E+01
   2.52020  3.347500E+01
   2.52150  3.347100E+01
   2.52270  3.351400E+01
   2.52390  3.352700E+01
   2.52520  3.366100E+01
   2.52640  3.366700E+01
   2.52760  3.365200E+01
   2.52890  3.377400E+01
   2.53010  3.389800E+01
   2.53130  3.399600E+01
   2.53260  3.403400E+01
   2.53380  3.404900E+01
   2.53500  3.399500E+01
   2.53630  3.409200E+01
   2.53750  3.426600E+01
   2.53880  3.430800E+01
   2.54000  3.434900E+01
   2.54130  3.451300E+01
   2.54250  3.459800E+01
   2.54370  3.464900E+01
   2.54500  3.475600E+01
   2.54620  3.465300E+01
   2.54750  3.471900E+01
   2.54870  3.493700E+01
   2.55000  3.501800E+01
   2.55130  3.512500E+01
   2.55250  3.509000E+01
   2.55380  3.514500E+01
   2.55500  3.529200E+01
   2.55630  3.536200E+01
   2.55750  3.540800E+01
   2.55880  3.542200E+01
   2.56010  3.548200E+01
   2.56130  3.574900E+01
   2.56260  3.587800E+01
   2.56390  3.576400E+01
   2.56510  3.583300E+01
   2.56640  3.600700E+01
   2.56770  3.612600E+01
   2.56900  3.621200E+01
   2.57020  3.620400E+01
   2.57150  3.626200E+01
   2.57280  3.641400E+01
   2.57410  3.650300E+01
   2.57530  3.654500E+01
   2.57660  3.662800E+01
   2.57790  3.665500E+01
   2.57920  3.670600E+01
   2.58050  3.681600E+01
   2.58170  3.688000E+01
   2.58300  3.695900E+01
   2.58430  3.712500E+01
   2.58560  3.715900E+01
   2.58690  3.709300E+01
   2.58820  3.731000E+01
   2.58950  3.750800E+01
   2.59080  3.757500E+01
   2.59210  3.751400E+01
   2.59340  3.724800E+01
   2.59470  3.714500E+01
   2.59600  3.742500E+01
   2.59730  3.771600E+01
   2.59860  3.785400E+01
   2.59990  3.788300E+01
   2.60120  3.786900E+01
   2.60250  3.794800E+01
   2.60380  3.801800E+01
   2.60510  3.793300E+01
   2.60640  3.800000E+01
   2.60770  3.808000E+01
   2.60900  3.807200E+01
   2.61030  3.809400E+01
   2.61170  3.807200E+01
   2.61300  3.809100E+01
   2.61430  3.814600E+01
   2.61560  3.803100E+01
   2.61690  3.801400E+01
   2.61830  3.804300E+01
   2.61960  3.794800E+01
   2.62090  3.808700E+01
   2.62220  3.829500E+01
   2.62360  3.824800E+01
   2.62490  3.807700E+01
   2.62620  3.800500E+01
   2.62750  3.810200E+01
   2.62890  3.802200E+01
   2.63020  3.800500E+01
   2.63150  3.809400E+01
   2.63290  3.798100E+01
   2.63420  3.792600E+01
   2.63560  3.791700E+01
   2.63690  3.784700E+01
   2.63820  3.782000E+01
   2.63960  3.788700E+01
   2.64090  3.787500E+01
   2.64230  3.778100E+01
   2.64360  3.769000E+01
   2.64500  3.765000E+01
   2.64630  3.757400E+01
   2.64770  3.758500E+01
   2.64900  3.760200E+01
   2.65040  3.744400E+01
   2.65170  3.730700E+01
   2.65310  3.721900E+01
   2.65450  3.706600E+01
   2.65580  3.705600E+01
   2.65720  3.713300E+01
   2.65850  3.697300E+01
   2.65990  3.679000E+01
   2.66130  3.673100E+01
   2.66260  3.667300E+01
   2.66400  3.646000E+01
   2.66540  3.622500E+01
   2.66670  3.611700E+01
   2.66810  3.605600E+01
   2.66950  3.587200E+01
   2.67090  3.575900E+01
   2.67220  3.574500E+01
   2.67360  3.553800E+01
   2.67500  3.521400E+01
   2.67640  3.496800E+01
   2.67780  3.486400E+01
   2.67910  3.469300E+01
   2.68050  3.457300E+01
   2.68190  3.440300E+01
   2.68330  3.414900E+01
   2.68470  3.382200E+01
   2.68610  3.351100E+01
   2.68750  3.315300E+01
   2.68890  3.273300E+01
   2.69030  3.233000E+01
   2.69170  3.188900E+01
   2.69310  3.136400E+01
   2.69450  3.087900E+01
   2.69590  3.038800E+01
   2.69730  2.987700E+01
   2.69870  2.927200E+01
   2.70010  2.869900E+01
   2.70150  2.829500E+01
   2.70290  2.788800E+01
   2.70430  2.737000E+01
   2.70570  2.693400E+01
   2.70710  2.658800E+01
   2.70850  2.622900E+01
   2.71000  2.583100E+01
   2.71140  2.547700E+01
   2.71280  2.510600E+01
   2.71420  2.471800E+01
   2.71560  2.425800E+01
   2.71710  2.366300E+01
   2.71850  2.300400E+01
   2.71990  2.233100E+01
   2.72130  2.179400E+01
   2.72280  2.128800E+01
   2.72420  2.066500E+01
   2.72560  2.008000E+01
   2.72710  1.956700E+01
   2.72850  1.910400E+01
   2.72990  1.856200E+01
   2.73140  1.805400E+01
   2.73280  1.761900E+01
   2.73430  1.707000E+01
   2.73570  1.645900E+01
   2.73710  1.599400E+01
   2.73860  1.559000E+01
   2.74000  1.513100E+01
   2.74150  1.475500E+01
   2.74290  1.446000E+01
   2.74440  1.408400E+01
   2.74580  1.369200E+01
   2.74730  1.332200E+01
   2.74880  1.299300E+01
   2.75020  1.266100E+01
   2.75170  1.229000E+01
   2.75310  1.194300E+01
   2.75460  1.152800E+01
   2.75610  1.124700E+01
   2.75750  1.109200E+01
   2.75900  1.079600E+01
   2.76050  1.045800E+01
   2.76190  1.021800E+01
   2.76340  1.000400E+01
   2.76490  9.744400E+00
   2.76640  9.491100E+00
   2.76780  9.225700E+00
   2.76930  9.070700E+00
   2.77080  8.926200E+00
   2.77230  8.691700E+00
   2.77380  8.436400E+00
   2.77520  8.188300E+00
   2.77670  7.952900E+00
   2.77820  7.712700E+00
   2.77970  7.545200E+00
   2.78120  7.429400E+00
   2.78270  7.268900E+00
   2.78420  7.050400E+00
   2.78570  6.902500E+00
   2.78720  6.829300E+00
   2.78870  6.678400E+00
   2.79020  6.507800E+00
   2.79170  6.252300E+00
   2.79320  6.051300E+00
   2.79470  5.870400E+00
   2.79620  5.735700E+00
   2.79770  5.763500E+00
   2.79920  5.663900E+00
   2.80070  5.490900E+00
   2.80220  5.387400E+00
   2.80380  5.205300E+00
   2.80530  5.092400E+00
   2.80680  5.017900E+00
   2.80830  4.838700E+00
   2.80980  4.747800E+00
   2.81140  4.676300E+00
   2.81290  4.633000E+00
   2.81440  4.589100E+00
   2.81590  4.415700E+00
   2.81750  4.286800E+00
   2.81900  4.309500E+00
   2.82050  4.278900E+00
   2.82210  4.146100E+00
   2.82360  4.086800E+00
   2.82520  3.982400E+00
   2.82670  3.867600E+00
   2.82820  3.855900E+00
   2.82980  3.859900E+00
   2.83130  3.794900E+00
   2.83290  3.736400E+00
   2.83440  3.717100E+00
   2.83600  3.621400E+00
   2.83750  3.482600E+00
   2.83910  3.432800E+00
   2.84060  3.419700E+00
   2.84220  3.359400E+00
   2.84370  3.341000E+00
   2.84530  3.337700E+00
   2.84690  3.323100E+00
   2.84840  3.258000E+00
   2.85000  3.187400E+00
   2.85160  3.134200E+00
   2.85310  3.045500E+00
   2.85470  3.060500E+00
   2.85630  3.115100E+00
   2.85790  3.087600E+00
   2.85940  3.043600E+00
   2.86100  2.965100E+00
   2.86260  2.901000E+00
   2.86420  2.846200E+00
   2.86580  2.862000E+00
   2.86730  2.952400E+00
   2.86890  2.903800E+00
   2.87050  2.783300E+00
   2.87210  2.782300E+00
   2.87370  2.811700E+00
   2.87530  2.775700E+00
   2.87690  2.769200E+00
   2.87850  2.715600E+00
   2.88010  2.624600E+00
   2.88170  2.598600E+00
   2.88330  2.625100E+00
   2.88490  2.642600E+00
   2.88650  2.549800E+00
   2.88810  2.503800E+00
   2.88970  2.558100E+00
   2.89130  2.589700E+00
   2.89290  2.609800E+00
   2.89460  2.576800E+00
   2.89620  2.494500E+00
   2.89780  2.557200E+00
   2.89940  2.556400E+00
   2.90100  2.476100E+00
   2.90270  2.446400E+00
   2.90430  2.478200E+00
   2.90590  2.492600E+00
   2.90750  2.489200E+00
   2.90920  2.488700E+00
   2.91080  2.466500E+00
   2.91240  2.456000E+00
   2.91410  2.422500E+00
   2.91570  2.422500E+00
   2.91740  2.460500E+00
   2.91900  2.511200E+00
   2.92070  2.462000E+00
   2.92230  2.425300E+00
   2.92390  2.438700E+00
   2.92560  2.438000E+00
   2.92720  2.409300E+00
   2.92890  2.430100E+00
   2.93060  2.410800E+00
   2.93220  2.437700E+00
   2.93390  2.510800E+00
   2.93550  2.505800E+00
   2.93720  2.475900E+00
   2.93890  2.513400E+00
   2.94050  2.494300E+00
   2.94220  2.463900E+00
   2.94390  2.462000E+00
   2.94550  2.445200E+00
   2.94720  2.399200E+00
   2.94890  2.440900E+00
   2.95060  2.591100E+00
   2.95230  2.616800E+00
   2.95390  2.564100E+00
   2.95560  2.517000E+00
   2.95730  2.462600E+00
   2.95900  2.550700E+00
   2.96070  2.579200E+00
   2.96240  2.565100E+00
   2.96410  2.566200E+00
   2.96580  2.554600E+00
   2.96750  2.562400E+00
   2.96920  2.552400E+00
   2.97090  2.548100E+00
   2.97260  2.564100E+00
   2.97430  2.573500E+00
   2.97600  2.583300E+00
   2.97770  2.599300E+00
   2.97940  2.640700E+00
   2.98110  2.682600E+00
   2.98280  2.662500E+00
   2.98450  2.613000E+00
   2.98630  2.622500E+00
   2.98800  2.687600E+00
   2.98970  2.715600E+00
   2.99140  2.680900E+00
   2.99320  2.660500E+00
   2.99490  2.649500E+00
   2.99660  2.711500E+00
   2.99840  2.741000E+00
   3.00010  2.710300E+00
   3.00180  2.736200E+00
   3.00360  2.805500E+00
   3.00530  2.858000E+00
   3.00700  2.865600E+00
   3.00880  2.858000E+00
   3.01050  2.865600E+00
   3.01230  2.853200E+00
   3.01400  2.888500E+00
   3.01580  2.914100E+00
   3.01760  2.943300E+00
   3.01930  2.988100E+00
   3.02110  2.942800E+00
   3.02280  2.929000E+00
   3.02460  2.946700E+00
   3.02640  2.975900E+00
   3.02810  3.069200E+00
   3.02990  3.113200E+00
   3.03170  3.095500E+00
   3.03340  3.102200E+00
   3.03520  3.114100E+00
   3.03700  3.141200E+00
   3.03880  3.221800E+00
   3.04060  3.223500E+00
   3.04230  3.195500E+00
   3.04410  3.204100E+00
   3.04590  3.197000E+00
   3.04770  3.223300E+00
   3.04950  3.259200E+00
   3.05130  3.285900E+00
   3.05310  3.286200E+00
   3.05490  3.337700E+00
   3.05670  3.458200E+00
   3.05850  3.513500E+00
   3.06030  3.537700E+00
   3.06210  3.540100E+00
   3.06390  3.580500E+00
   3.06570  3.608300E+00
   3.06750  3.608300E+00
   3.06940  3.651600E+00
   3.07120  3.680000E+00
   3.07300  3.730500E+00
   3.07480  3.782400E+00
   3.07660  3.855900E+00
   3.07850  3.913700E+00
   3.08030  3.945400E+00
   3.08210  3.939400E+00
   3.08400  3.971200E+00
   3.08580  4.070700E+00
   3.08760  4.115200E+00
   3.08950  4.141800E+00
   3.09130  4.134600E+00
   3.09320  4.155700E+00
   3.09500  4.166000E+00
   3.09690  4.202300E+00
   3.09870  4.248700E+00
   3.10060  4.317900E+00
   3.10240  4.409300E+00
   3.10430  4.430300E+00
   3.10610  4.437000E+00
   3.10800  4.521500E+00
   3.10990  4.571700E+00
   3.11170  4.586600E+00
   3.11360  4.622500E+00
   3.11550  4.673100E+00
   3.11740  4.715600E+00
   3.11920  4.703300E+00
   3.12110  4.693000E+00
   3.12300  4.746800E+00
   3.12490  4.833300E+00
   3.12680  4.952100E+00
   3.12860  4.984000E+00
   3.13050  4.999800E+00
   3.13240  5.028200E+00
   3.13430  5.065300E+00
   3.13620  5.109100E+00
   3.13810  5.175600E+00
   3.14000  5.237300E+00
   3.14190  5.280100E+00
   3.14380  5.296400E+00
   3.14570  5.352500E+00
   3.14760  5.435200E+00
   3.14950  5.498600E+00
   3.15150  5.503400E+00
   3.15340  5.500500E+00
   3.15530  5.602200E+00
   3.15720  5.675400E+00
   3.15910  5.697200E+00
   3.16110  5.776900E+00
   3.16300  5.864900E+00
   3.16490  5.871200E+00
   3.16690  5.890000E+00
   3.16880  6.016100E+00
   3.17070  6.097300E+00
   3.17270  6.128300E+00
   3.17460  6.165200E+00
   3.17660  6.181400E+00
   3.17850  6.233600E+00
   3.18050  6.260100E+00
   3.18240  6.282200E+00
   3.18440  6.374000E+00
   3.18630  6.424100E+00
   3.18830  6.454700E+00
   3.19020  6.472900E+00
   3.19220  6.547800E+00
   3.19420  6.670300E+00
   3.19610  6.733400E+00
   3.19810  6.769300E+00
   3.20010  6.808700E+00
   3.20210  6.806900E+00
   3.20400  6.839600E+00
   3.20600  6.908800E+00
   3.20800  6.983700E+00
   3.21000  7.008100E+00
   3.21200  7.068600E+00
   3.21400  7.128400E+00
   3.21600  7.186800E+00
   3.21800  7.215500E+00
   3.22000  7.250900E+00
   3.22200  7.342400E+00
   3.22400  7.394500E+00
   3.22600  7.407400E+00
   3.22800  7.473500E+00
   3.23000  7.509300E+00
   3.23200  7.564800E+00
   3.23400  7.610300E+00
   3.23610  7.660600E+00
   3.23810  7.689800E+00
   3.24010  7.723700E+00
   3.24210  7.760000E+00
   3.24420  7.797900E+00
   3.24620  7.821300E+00
   3.24820  7.870600E+00
   3.25030  7.946700E+00
   3.25230  7.985900E+00
   3.25430  8.008000E+00
   3.25640  8.071100E+00
   3.25840  8.083500E+00
   3.26050  8.149600E+00
   3.26250  8.235200E+00
   3.26460  8.301800E+00
   3.26660  8.347600E+00
   3.26870  8.441400E+00
   3.27080  8.493700E+00
   3.27280  8.480700E+00
   3.27490  8.483100E+00
   3.27700  8.556800E+00
   3.27900  8.620000E+00
   3.28110  8.641100E+00
   3.28320  8.695000E+00
   3.28530  8.754900E+00
   3.28740  8.788400E+00
   3.28940  8.859700E+00
   3.29150  8.902300E+00
   3.29360  8.886700E+00
   3.29570  8.913800E+00
   3.29780  8.972600E+00
   3.29990  8.989800E+00
   3.30200  9.035800E+00
   3.30410  9.082600E+00
   3.30620  9.080300E+00
   3.30830  9.057400E+00
   3.31040  9.079300E+00
   3.31260  9.122900E+00
   3.31470  9.124800E+00
   3.31680  9.103200E+00
   3.31890  9.121000E+00
   3.32100  9.113800E+00
   3.32320  9.092700E+00
   3.32530  9.092700E+00
   3.32740  9.109000E+00
   3.32960  9.029100E+00
   3.33170  8.916600E+00
   3.33390  8.911300E+00
   3.33600  8.900400E+00
   3.33820  8.838100E+00
   3.34030  8.742000E+00
   3.34250  8.638600E+00
   3.34460  8.510400E+00
   3.34680  8.380200E+00
   3.34890  8.262000E+00
   3.35110  8.099300E+00
   3.35330  7.952900E+00
   3.35540  7.874400E+00
   3.35760  7.742900E+00
   3.35980  7.567300E+00
   3.36200  7.417400E+00
   3.36410  7.287600E+00
   3.36630  7.157100E+00
   3.36850  7.031300E+00
   3.37070  6.920300E+00
   3.37290  6.796300E+00
   3.37510  6.695800E+00
   3.37730  6.599200E+00
   3.37950  6.488200E+00
   3.38170  6.361400E+00
   3.38390  6.265200E+00
   3.38610  6.213000E+00
   3.38830  6.126900E+00
   3.39060  6.022600E+00
   3.39280  5.903200E+00
   3.39500  5.813000E+00
   3.39720  5.747400E+00
   3.39940  5.646000E+00
   3.40170  5.546000E+00
   3.40390  5.508700E+00
   3.40610  5.475700E+00
   3.40840  5.424400E+00
   3.41060  5.385700E+00
   3.41290  5.323900E+00
   3.41510  5.271300E+00
   3.41740  5.196600E+00
   3.41960  5.129200E+00
   3.42190  5.130600E+00
   3.42410  5.146900E+00
   3.42640  5.141200E+00
   3.42870  5.185700E+00
   3.43090  5.267000E+00
   3.43320  5.375100E+00
   3.43550  5.496200E+00
   3.43780  5.552700E+00
   3.44000  5.574200E+00
   3.44230  5.624900E+00
   3.44460  5.660400E+00
   3.44690  5.684300E+00
   3.44920  5.721100E+00
   3.45150  5.743600E+00
   3.45380  5.783800E+00
   3.45610  5.832600E+00
   3.45840  5.878500E+00
   3.46070  5.939600E+00
   3.46300  6.035500E+00
   3.46530  6.122500E+00
   3.46770  6.163700E+00
   3.47000  6.189100E+00
   3.47230  6.248000E+00
   3.47460  6.316400E+00
   3.47700  6.331700E+00
   3.47930  6.358500E+00
   3.48160  6.402500E+00
   3.48400  6.456600E+00
   3.48630  6.518800E+00
   3.48870  6.591600E+00
   3.49100  6.679800E+00
   3.49340  6.711600E+00
   3.49570  6.705900E+00
   3.49810  6.752300E+00
   3.50040  6.750900E+00
   3.50280  6.704000E+00
   3.50520  6.629600E+00
   3.50750  6.658500E+00
   3.50990  6.878100E+00
   3.51230  7.249500E+00
   3.51470  7.701700E+00
   3.51710  8.168200E+00
   3.51950  8.508900E+00
   3.52180  8.775000E+00
   3.52420  9.010400E+00
   3.52660  9.224800E+00
   3.52900  9.412900E+00
   3.53140  9.574600E+00
   3.53380  9.717700E+00
   3.53630  9.859300E+00
   3.53870  9.989900E+00
   3.54110  1.012600E+01
   3.54350  1.028800E+01
   3.54590  1.044400E+01
   3.54840  1.059900E+01
   3.55080  1.070900E+01
   3.55320  1.076400E+01
   3.55570  1.083200E+01
   3.55810  1.100800E+01
   3.56050  1.116400E+01
   3.56300  1.121300E+01
   3.56540  1.131400E+01
   3.56790  1.140300E+01
   3.57040  1.148300E+01
   3.57280  1.161100E+01
   3.57530  1.169300E+01
   3.57770  1.175300E+01
   3.58020  1.183000E+01
   3.58270  1.188300E+01
   3.58520  1.193000E+01
   3.58760  1.197900E+01
   3.59010  1.202700E+01
   3.59260  1.210900E+01
   3.59510  1.219300E+01
   3.59760  1.225200E+01
   3.60010  1.233300E+01
   3.60260  1.239600E+01
   3.60510  1.242700E+01
   3.60760  1.245700E+01
   3.61010  1.250200E+01
   3.61270  1.256700E+01
   3.61520  1.261200E+01
   3.61770  1.264900E+01
   3.62020  1.270300E+01
   3.62270  1.275800E+01
   3.62530  1.282000E+01
   3.62780  1.286200E+01
   3.63040  1.290500E+01
   3.63290  1.291800E+01
   3.63550  1.296500E+01
   3.63800  1.300800E+01
   3.64060  1.306400E+01
   3.64310  1.308300E+01
   3.64570  1.307900E+01
   3.64820  1.309900E+01
   3.65080  1.317200E+01
   3.65340  1.324400E+01
   3.65600  1.325100E+01
   3.65850  1.325800E+01
   3.66110  1.329700E+01
   3.66370  1.337200E+01
   3.66630  1.342500E+01
   3.66890  1.348800E+01
   3.67150  1.350800E+01
   3.67410  1.355700E+01
   3.67670  1.363500E+01
   3.67930  1.367400E+01
   3.68190  1.375900E+01
   3.68450  1.388000E+01
   3.68720  1.393600E+01
   3.68980  1.397000E+01
   3.69240  1.403800E+01
   3.69500  1.410400E+01
   3.69770  1.418900E+01
   3.70030  1.426700E+01
   3.70300  1.430700E+01
   3.70560  1.438200E+01
   3.70830  1.447600E+01
   3.71090  1.452900E+01
   3.71360  1.458200E+01
   3.71620  1.467200E+01
   3.71890  1.476000E+01
   3.72160  1.481100E+01
   3.72420  1.488200E+01
   3.72690  1.492800E+01
   3.72960  1.496400E+01
   3.73230  1.503000E+01
   3.73500  1.509600E+01
   3.73770  1.518000E+01
   3.74040  1.524700E+01
   3.74310  1.529500E+01
   3.74580  1.535100E+01
   3.74850  1.541400E+01
   3.75120  1.548500E+01
   3.75390  1.557000E+01
   3.75660  1.563400E+01
   3.75940  1.566700E+01
   3.76210  1.571300E+01
   3.76480  1.578100E+01
   3.76760  1.587900E+01
   3.77030  1.594100E+01
   3.77300  1.600900E+01
   3.77580  1.606400E+01
   3.77850  1.614000E+01
   3.78130  1.619100E+01
   3.78410  1.625400E+01
   3.78680  1.634600E+01
   3.78960  1.642300E+01
   3.79240  1.648600E+01
   3.79510  1.655000E+01
   3.79790  1.659200E+01
   3.80070  1.667700E+01
   3.80350  1.678900E+01
   3.80630  1.688500E+01
   3.80910  1.699000E+01
   3.81190  1.703900E+01
   3.81470  1.706000E+01
   3.81750  1.712700E+01
   3.82030  1.722200E+01
   3.82310  1.730100E+01
   3.82590  1.735400E+01
   3.82880  1.740800E+01
   3.83160  1.750300E+01
   3.83440  1.758700E+01
   3.83730  1.761400E+01
   3.84010  1.770100E+01
   3.84300  1.781200E+01
   3.84580  1.787600E+01
   3.84870  1.789000E+01
   3.85150  1.793500E+01
   3.85440  1.799400E+01
   3.85730  1.810900E+01
   3.86010  1.819200E+01
   3.86300  1.819800E+01
   3.86590  1.821500E+01
   3.86880  1.825900E+01
   3.87170  1.834400E+01
   3.87460  1.840900E+01
   3.87750  1.846500E+01
   3.88040  1.850700E+01
   3.88330  1.851000E+01
   3.88620  1.852700E+01
   3.88910  1.855600E+01
   3.89200  1.861300E+01
   3.89490  1.864200E+01
   3.89790  1.868500E+01
   3.90080  1.873100E+01
   3.90370  1.874000E+01
   3.90670  1.878100E+01
   3.90960  1.883800E+01
   3.91260  1.884800E+01
   3.91550  1.885500E+01
   3.91850  1.888800E+01
   3.92140  1.895100E+01
   3.92440  1.897400E+01
   3.92740  1.898700E+01
   3.93040  1.901400E+01
   3.93330  1.907900E+01
   3.93630  1.913700E+01
   3.93930  1.916800E+01
   3.94230  1.916700E+01
   3.94530  1.923600E+01
   3.94830  1.930700E+01
   3.95130  1.932700E+01
   3.95440  1.935100E+01
   3.95740  1.939900E+01
   3.96040  1.943700E+01
   3.96340  1.947700E+01
   3.96650  1.951000E+01
   3.96950  1.954700E+01
   3.97250  1.959600E+01
   3.97560  1.966100E+01
   3.97860  1.971400E+01
   3.98170  1.973900E+01
   3.98470  1.977400E+01
   3.98780  1.984800E+01
   3.99090  1.991100E+01
   3.99400  1.996900E+01
   3.99700  2.005700E+01
   4.00010  2.014300E+01
   4.00320  2.019200E+01
   4.00630  2.025700E+01
   4.00940  2.031700E+01
   4.01250  2.038600E+01
   4.01560  2.047200E+01
   4.01870  2.053600E+01
   4.02180  2.058700E+01
   4.02500  2.066300E+01
   4.02810  2.075100E+01
   4.03120  2.081100E+01
   4.03440  2.083900E+01
   4.03750  2.090600E+01
   4.04060  2.096900E+01
   4.04380  2.106700E+01
   4.04700  2.114600E+01
   4.05010  2.122000E+01
   4.05330  2.129700E+01
   4.05650  2.132500E+01
   4.05960  2.135800E+01
   4.06280  2.147000E+01
   4.06600  2.154200E+01
   4.06920  2.158400E+01
   4.07240  2.165400E+01
   4.07560  2.172900E+01
   4.07880  2.179300E+01
   4.08200  2.187500E+01
   4.08520  2.194500E+01
   4.08840  2.201200E+01
   4.09170  2.210000E+01
   4.09490  2.215200E+01
   4.09810  2.221800E+01
   4.10140  2.229700E+01
   4.10460  2.238100E+01
   4.10790  2.245300E+01
   4.11110  2.252800E+01
   4.11440  2.259500E+01
   4.11770  2.264800E+01
   4.12090  2.273100E+01
   4.12420  2.279900E+01
   4.12750  2.286000E+01
   4.13080  2.296700E+01
   4.13410  2.307600E+01
   4.13740  2.310900E+01
   4.14070  2.318600E+01
   4.14400  2.327400E+01
   4.14730  2.331200E+01
   4.15060  2.335600E+01
   4.15400  2.344200E+01
   4.15730  2.351500E+01
   4.16060  2.357000E+01
   4.16400  2.366800E+01
   4.16730  2.372700E+01
   4.17070  2.376600E+01
   4.17400  2.384300E+01
   4.17740  2.392400E+01
   4.18080  2.399700E+01
   4.18410  2.400900E+01
   4.18750  2.405600E+01
   4.19090  2.411500E+01
   4.19430  2.415700E+01
   4.19770  2.423200E+01
   4.20110  2.429500E+01
   4.20450  2.432800E+01
   4.20790  2.437500E+01
   4.21130  2.441300E+01
   4.21480  2.445200E+01
   4.21820  2.444300E+01
   4.22160  2.445100E+01
   4.22510  2.452100E+01
   4.22850  2.458000E+01
   4.23200  2.460900E+01
   4.23540  2.466800E+01
   4.23890  2.470800E+01
   4.24240  2.473000E+01
   4.24580  2.475200E+01
   4.24930  2.481000E+01
   4.25280  2.485200E+01
   4.25630  2.490700E+01
   4.25980  2.495200E+01
   4.26330  2.498900E+01
   4.26680  2.502000E+01
   4.27030  2.504300E+01
   4.27380  2.507000E+01
   4.27740  2.508400E+01
   4.28090  2.509700E+01
   4.28440  2.515400E+01
   4.28800  2.518000E+01
   4.29150  2.522300E+01
   4.29510  2.525100E+01
   4.29860  2.524800E+01
   4.30220  2.523900E+01
   4.30580  2.527900E+01
   4.30940  2.532500E+01
   4.31290  2.531300E+01
   4.31650  2.528500E+01
   4.32010  2.530700E+01
   4.32370  2.534600E+01
   4.32730  2.537000E+01
   4.33100  2.534500E+01
   4.33460  2.533800E+01
   4.33820  2.534200E+01
   4.34180  2.532600E+01
   4.34550  2.530100E+01
   4.34910  2.532400E+01
   4.35280  2.532900E+01
   4.35640  2.532400E+01
   4.36010  2.530600E+01
   4.36380  2.526500E+01
   4.36740  2.527900E+01
   4.37110  2.531700E+01
   4.37480  2.531500E+01
   4.37850  2.529800E+01
   4.38220  2.529100E+01
   4.38590  2.528800E+01
   4.38960  2.525200E+01
   4.39340  2.523400E+01
   4.39710  2.523400E+01
   4.40080  2.521700E+01
   4.40450  2.517500E+01
   4.40830  2.516500E+01
   4.41200  2.517200E+01
   4.41580  2.512700E+01
   4.41960  2.508900E+01
   4.42330  2.509200E+01
   4.42710  2.510300E+01
   4.43090  2.508100E+01
   4.43470  2.501800E+01
   4.43850  2.498800E+01
   4.44230  2.498900E+01
   4.44610  2.503200E+01
   4.44990  2.502600E+01
   4.45370  2.499500E+01
   4.45760  2.495900E+01
   4.46140  2.495500E+01
   4.46520  2.496800E+01
   4.46910  2.493400E+01
   4.47300  2.487800E+01
   4.47680  2.485900E+01
   4.48070  2.487600E+01
   4.48460  2.487800E+01
   4.48840  2.486000E+01
   4.49230  2.485900E+01
   4.49620  2.487500E+01
   4.50010  2.489500E+01
   4.50400  2.486500E+01
   4.50800  2.484500E+01
   4.51190  2.481400E+01
   4.51580  2.478800E+01
   4.51970  2.478300E+01
   4.52370  2.478100E+01
   4.52760  2.474500E+01
   4.53160  2.471800E+01
   4.53560  2.471800E+01
   4.53950  2.466700E+01
   4.54350  2.461500E+01
   4.54750  2.458100E+01
   4.55150  2.452400E+01
   4.55550  2.446900E+01
   4.55950  2.440900E+01
   4.56350  2.435300E+01
   4.56750  2.429500E+01
   4.57160  2.423500E+01
   4.57560  2.417700E+01
   4.57960  2.411000E+01
   4.58370  2.403000E+01
   4.58770  2.397400E+01
   4.59180  2.391500E+01
   4.59590  2.382600E+01
   4.60000  2.374600E+01
   4.60400  2.368300E+01
   4.60810  2.361700E+01
   4.61220  2.355000E+01
   4.61630  2.348600E+01
   4.62050  2.343500E+01
   4.62460  2.337900E+01
   4.62870  2.334500E+01
   4.63280  2.330100E+01
   4.63700  2.324800E+01
   4.64110  2.322600E+01
   4.64530  2.320400E+01
   4.64950  2.316700E+01
   4.65360  2.313300E+01
   4.65780  2.308700E+01
   4.66200  2.307300E+01
   4.66620  2.305400E+01
   4.67040  2.302200E+01
   4.67460  2.301900E+01
   4.67880  2.300800E+01
   4.68310  2.299300E+01
   4.68730  2.300700E+01
   4.69150  2.300600E+01
   4.69580  2.299900E+01
   4.70000  2.301300E+01
   4.70430  2.304200E+01
   4.70860  2.306900E+01
   4.71290  2.309700E+01
   4.71720  2.311400E+01
   4.72150  2.311600E+01
   4.72580  2.312700E+01
   4.73010  2.317000E+01
   4.73440  2.324000E+01
   4.73870  2.328500E+01
   4.74310  2.331000E+01
   4.74740  2.332700E+01
   4.75170  2.334300E+01
   4.75610  2.338400E+01
   4.76050  2.344700E+01
   4.76480  2.349800E+01
   4.76920  2.352100E+01
   4.77360  2.355200E+01
   4.77800  2.360900E+01
   4.78240  2.362000E+01
   4.78680  2.363300E+01
   4.79130  2.366500E+01
   4.79570  2.369300E+01
   4.80010  2.371800E+01
   4.80460  2.373000E+01
   4.80900  2.373600E+01
   4.81350  2.372500E+01
   4.81800  2.375300E+01
   4.82250  2.377400E+01
   4.82700  2.376100E+01
   4.83150  2.376000E+01
   4.83600  2.380400E+01
   4.84050  2.380800E+01
   4.84500  2.380600E+01
   4.84950  2.380200E+01
   4.85410  2.379700E+01
   4.85860  2.382100E+01
   4.86320  2.384400E+01
   4.86780  2.384000E+01
   4.87230  2.384700E+01
   4.87690  2.387700E+01
   4.88150  2.391000E+01
   4.88610  2.391200E+01
   4.89070  2.392200E+01
   4.89530  2.395000E+01
   4.90000  2.396800E+01
   4.90460  2.400100E+01
   4.90920  2.403500E+01
   4.91390  2.405600E+01
   4.91860  2.411300E+01
   4.92320  2.418300E+01
   4.92790  2.423400E+01
   4.93260  2.427300E+01
   4.93730  2.433400E+01
   4.94200  2.439400E+01
   4.94670  2.447100E+01
   4.95140  2.454500E+01
   4.95620  2.462100E+01
   4.96090  2.470000E+01
   4.96570  2.477700E+01
   4.97040  2.483600E+01
   4.97520  2.488800E+01
   4.98000  2.493300E+01
   4.98480  2.498300E+01
   4.98960  2.503100E+01
   4.99440  2.508400E+01
   4.99920  2.515100E+01
   5.00400  2.519500E+01
   5.00880  2.521600E+01
   5.01370  2.525300E+01
   5.01850  2.529300E+01
   5.02340  2.534200E+01
   5.02830  2.539400E+01
   5.03320  2.544800E+01
   5.03800  2.547700E+01
   5.04300  2.551300E+01
   5.04790  2.555200E+01
   5.05280  2.559300E+01
   5.05770  2.561200E+01
   5.06270  2.562400E+01
   5.06760  2.563500E+01
   5.07260  2.566300E+01
   5.07750  2.571700E+01
   5.08250  2.571800E+01
   5.08750  2.573800E+01
   5.09250  2.579800E+01
   5.09750  2.582600E+01
   5.10250  2.585100E+01
   5.10750  2.588100E+01
   5.11260  2.589800E+01
   5.11760  2.591800E+01
   5.12270  2.595800E+01
   5.12770  2.599200E+01
   5.13280  2.603100E+01
   5.13790  2.607300E+01
   5.14300  2.609200E+01
   5.14810  2.611800E+01
   5.15320  2.615900E+01
   5.15840  2.620800E+01
   5.16350  2.626800E+01
   5.16860  2.628600E+01
   5.17380  2.630800E+01
   5.17900  2.632300E+01
   5.18420  2.635800E+01
   5.18930  2.638900E+01
   5.19450  2.639400E+01
   5.19980  2.640100E+01
   5.20500  2.641000E+01
   5.21020  2.639100E+01
   5.21540  2.637900E+01
   5.22070  2.637500E+01
   5.22600  2.634700E+01
   5.23120  2.631100E+01
   5.23650  2.627300E+01
   5.24180  2.624200E+01
   5.24710  2.620800E+01
   5.25240  2.615300E+01
   5.25780  2.611400E+01
   5.26310  2.606900E+01
   5.26840  2.602900E+01
   5.27380  2.598000E+01
   5.27920  2.592600E+01
   5.28460  2.588300E+01
   5.29000  2.582200E+01
   5.29540  2.580300E+01
   5.30080  2.579000E+01
   5.30620  2.574200E+01
   5.31160  2.569700E+01
   5.31710  2.564800E+01
   5.32250  2.559400E+01
   5.32800  2.554900E+01
   5.33350  2.553600E+01
   5.33900  2.550100E+01
   5.34450  2.543200E+01
   5.35000  2.536500E+01
   5.35550  2.535900E+01
   5.36110  2.536400E+01
   5.36660  2.531900E+01
   5.37220  2.527600E+01
   5.37780  2.527400E+01
   5.38330  2.525900E+01
   5.38890  2.520800E+01
   5.39450  2.514800E+01
   5.40020  2.512100E+01
   5.40580  2.507700E+01
   5.41140  2.501500E+01
   5.41710  2.489700E+01
   5.42280  2.480800E+01
   5.42840  2.478700E+01
   5.43410  2.471200E+01
   5.43980  2.460600E+01
   5.44550  2.450700E+01
   5.45130  2.440600E+01
   5.45700  2.428800E+01
   5.46280  2.412000E+01
   5.46850  2.399100E+01
   5.47430  2.385300E+01
   5.48010  2.369100E+01
   5.48590  2.355100E+01
   5.49170  2.339200E+01
   5.49750  2.320500E+01
   5.50330  2.302300E+01
   5.50920  2.282700E+01
   5.51510  2.260600E+01
   5.52090  2.239000E+01
   5.52680  2.217000E+01
   5.53270  2.194400E+01
   5.53860  2.170800E+01
   5.54450  2.143000E+01
   5.55050  2.114100E+01
   5.55640  2.086600E+01
   5.56240  2.057800E+01
   5.56840  2.026400E+01
   5.57440  1.992800E+01
   5.58040  1.960000E+01
   5.58640  1.931200E+01
   5.59240  1.898200E+01
   5.59840  1.860200E+01
   5.60450  1.823000E+01
   5.61060  1.785000E+01
   5.61660  1.741900E+01
   5.62270  1.698300E+01
   5.62880  1.649500E+01
   5.63490  1.593200E+01
   5.64110  1.531500E+01
   5.64720  1.474300E+01
   5.65340  1.413700E+01
   5.65960  1.345200E+01
   5.66570  1.273900E+01
   5.67190  1.200500E+01
   5.67820  1.130800E+01
   5.68440  1.062100E+01
   5.69060  9.911400E+00
   5.69690  9.273300E+00
   5.70310  8.678800E+00
   5.70940  8.094100E+00
   5.71570  7.564600E+00
   5.72200  7.123900E+00
   5.72830  6.743700E+00
   5.73470  6.430800E+00
   5.74100  6.171400E+00
   5.74740  5.978800E+00
   5.75380  5.875400E+00
   5.76020  5.774900E+00
   5.76660  5.726300E+00
   5.77300  5.771300E+00
   5.77940  5.838200E+00
   5.78590  5.913000E+00
   5.79230  5.986900E+00
   5.79880  6.073100E+00
   5.80530  6.177100E+00
   5.81180  6.291500E+00
   5.81840  6.366400E+00
   5.82490  6.468800E+00
   5.83140  6.596300E+00
   5.83800  6.710000E+00
   5.84460  6.815500E+00
   5.85120  6.901800E+00
   5.85780  6.951300E+00
   5.86440  6.970500E+00
   5.87110  6.962600E+00
   5.87770  6.898500E+00
   5.88440  6.843900E+00
   5.89110  6.779800E+00
   5.89780  6.668300E+00
   5.90450  6.589100E+00
   5.91120  6.493900E+00
   5.91800  6.362100E+00
   5.92470  6.209700E+00
   5.93150  6.055100E+00
   5.93830  5.929300E+00
   5.94510  5.839500E+00
   5.95200  5.739600E+00
   5.95880  5.631400E+00
   5.96570  5.492900E+00
   5.97250  5.377100E+00
   5.97940  5.285600E+00
   5.98630  5.195000E+00
   5.99320  5.110000E+00
   6.00020  5.035600E+00
   6.00710  4.940000E+00
   6.01410  4.875600E+00
   6.02110  4.838100E+00
   6.02810  4.782500E+00
   6.03510  4.723200E+00
   6.04210  4.676100E+00
   6.04920  4.644900E+00
   6.05630  4.696400E+00
   6.06330  4.714100E+00
   6.07040  4.696800E+00
   6.07760  4.701200E+00
   6.08470  4.717200E+00
   6.09180  4.733700E+00
   6.09900  4.751100E+00
   6.10620  4.731300E+00
   6.11340  4.746600E+00
   6.12060  4.791100E+00
   6.12780  4.824800E+00
   6.13510  4.866500E+00
   6.14240  4.922700E+00
   6.14960  4.968200E+00
   6.15700  5.020800E+00
   6.16430  5.069600E+00
   6.17160  5.110000E+00
   6.17900  5.098500E+00
   6.18630  5.106200E+00
   6.19370  5.168700E+00
   6.20110  5.202400E+00
   6.20860  5.224000E+00
   6.21600  5.275100E+00
   6.22350  5.306200E+00
   6.23100  5.325600E+00
   6.23850  5.374700E+00
   6.24600  5.448400E+00
   6.25350  5.520100E+00
   6.26110  5.591200E+00
   6.26860  5.656600E+00
   6.27620  5.751200E+00
   6.28380  5.842500E+00
   6.29140  5.931200E+00
   6.29910  6.045800E+00
   6.30680  6.163500E+00
   6.31440  6.274500E+00
   6.32210  6.365400E+00
   6.32990  6.447000E+00
   6.33760  6.543000E+00
   6.34540  6.651100E+00
   6.35310  6.752600E+00
   6.36090  6.791100E+00
   6.36870  6.819000E+00
   6.37660  6.851100E+00
   6.38440  6.860000E+00
   6.39230  6.843900E+00
   6.40020  6.816000E+00
   6.40810  6.744000E+00
   6.41600  6.708300E+00
   6.42400  6.692200E+00
   6.43200  6.646100E+00
   6.43990  6.598200E+00
   6.44800  6.562400E+00
   6.45600  6.530000E+00
   6.46400  6.505600E+00
   6.47210  6.492700E+00
   6.48020  6.486500E+00
   6.48830  6.455400E+00
   6.49640  6.463800E+00
   6.50460  6.506300E+00
   6.51280  6.508300E+00
   6.52090  6.504200E+00
   6.52920  6.513600E+00
   6.53740  6.466100E+00
   6.54560  6.374300E+00
   6.55390  6.297000E+00
   6.56220  6.182600E+00
   6.57050  5.985500E+00
   6.57890  5.819200E+00
   6.58720  5.721300E+00
   6.59560  5.680200E+00
   6.60400  5.716300E+00
   6.61240  5.835700E+00
   6.62090  5.960800E+00
   6.62940  6.026600E+00
   6.63780  6.130000E+00
   6.64640  6.301300E+00
   6.65490  6.447500E+00
   6.66340  6.565000E+00
   6.67200  6.649000E+00
   6.68060  6.755100E+00
   6.68920  6.858500E+00
   6.69790  6.914100E+00
   6.70650  6.939400E+00
   6.71520  6.936800E+00
   6.72390  6.882700E+00
   6.73270  6.795400E+00
   6.74140  6.663800E+00
   6.75020  6.471600E+00
   6.75900  6.228600E+00
   6.76780  5.935500E+00
   6.77670  5.592900E+00
   6.78550  5.267500E+00
   6.79440  5.011000E+00
   6.80340  4.818200E+00
   6.81230  4.638400E+00
   6.82130  4.510000E+00
   6.83020  4.431800E+00
   6.83930  4.401200E+00
   6.84830  4.388900E+00
   6.85730  4.360500E+00
   6.86640  4.328900E+00
   6.87550  4.307100E+00
   6.88470  4.285300E+00
   6.89380  4.271200E+00
   6.90300  4.235900E+00
   6.91220  4.187000E+00
   6.92140  4.146100E+00
   6.93070  4.124500E+00
   6.94000  4.069500E+00
   6.94930  4.002800E+00
   6.95860  3.949700E+00
   6.96790  3.942900E+00
   6.97730  3.926700E+00
   6.98670  3.901800E+00
   6.99620  3.898000E+00
   7.00560  3.944600E+00
   7.01510  3.950900E+00
   7.02460  3.960700E+00
   7.03410  4.006800E+00
   7.04370  4.010500E+00
   7.05330  4.037500E+00
   7.06290  4.086300E+00
   7.07250  4.106400E+00
   7.08220  4.143200E+00
   7.09190  4.166200E+00
   7.10160  4.164500E+00
   7.11130  4.148900E+00
   7.12110  4.114200E+00
   7.13090  4.065900E+00
   7.14070  4.038000E+00
   7.15060  4.012300E+00
   7.16040  3.994400E+00
   7.17030  3.962500E+00
   7.18030  3.929600E+00
   7.19020  3.845300E+00
   7.20020  3.768100E+00
   7.21020  3.698700E+00
   7.22030  3.630000E+00
   7.23030  3.561100E+00
   7.24040  3.506500E+00
   7.25060  3.482400E+00
   7.26070  3.465200E+00
   7.27090  3.471200E+00
   7.28110  3.506500E+00
   7.29140  3.538100E+00
   7.30160  3.595000E+00
   7.31190  3.640300E+00
   7.32220  3.710200E+00
   7.33260  3.750200E+00
   7.34300  3.781400E+00
   7.35340  3.822900E+00
   7.36390  3.859400E+00
   7.37430  3.894600E+00
   7.38480  3.925300E+00
   7.39540  3.922800E+00
   7.40590  3.912400E+00
   7.41650  3.889800E+00
   7.42720  3.877900E+00
   7.43780  3.872700E+00
   7.44850  3.837700E+00
   7.45920  3.780100E+00
   7.47000  3.738600E+00
   7.48070  3.729100E+00
   7.49160  3.721200E+00
   7.50240  3.685000E+00
   7.51330  3.691300E+00
   7.52420  3.719500E+00
   7.53510  3.718000E+00
   7.54610  3.680300E+00
   7.55710  3.661900E+00
   7.56810  3.636200E+00
   7.57920  3.646000E+00
   7.59030  3.668700E+00
   7.60140  3.720700E+00
   7.61260  3.804000E+00
   7.62380  3.888000E+00
   7.63500  3.945400E+00
   7.64620  3.997200E+00
   7.65750  4.063100E+00
   7.66890  4.126700E+00
   7.68020  4.149200E+00
   7.69160  4.163500E+00
   7.70310  4.178400E+00
   7.71450  4.175000E+00
   7.72600  4.163300E+00
   7.73750  4.124000E+00
   7.74910  4.063300E+00
   7.76070  3.995900E+00
   7.77230  3.912400E+00
   7.78400  3.840300E+00
   7.79570  3.817800E+00
   7.80750  3.821400E+00
   7.81920  3.763500E+00
   7.83100  3.715900E+00
   7.84290  3.666600E+00
   7.85480  3.604100E+00
   7.86670  3.522100E+00
   7.87860  3.467300E+00
   7.89060  3.433300E+00
   7.90270  3.411600E+00
   7.91470  3.356800E+00
   7.92680  3.330400E+00
   7.93900  3.340000E+00
   7.95120  3.347200E+00
   7.96340  3.333800E+00
   7.97560  3.315600E+00
   7.98790  3.315800E+00
   8.00020  3.346200E+00
   8.01260  3.351500E+00
   8.02500  3.360100E+00
   8.03740  3.367600E+00
   8.04990  3.393600E+00
   8.06240  3.443100E+00
   8.07500  3.501500E+00
   8.08760  3.525500E+00
   8.10020  3.542900E+00
   8.11290  3.564700E+00
   8.12560  3.605800E+00
   8.13840  3.633200E+00
   8.15120  3.696300E+00
   8.16400  3.755400E+00
   8.17690  3.789900E+00
   8.18980  3.794700E+00
   8.20280  3.784600E+00
   8.21580  3.793000E+00
   8.22880  3.803200E+00
   8.24190  3.758000E+00
   8.25500  3.726500E+00
   8.26820  3.687000E+00
   8.28140  3.629300E+00
   8.29460  3.595500E+00
   8.30790  3.575900E+00
   8.32130  3.530000E+00
   8.33470  3.500900E+00
   8.34810  3.497900E+00
   8.36150  3.507200E+00
   8.37500  3.466400E+00
   8.38860  3.411300E+00
   8.40220  3.355300E+00
   8.41580  3.276100E+00
   8.42950  3.156800E+00
   8.44320  3.017000E+00
   8.45700  2.875600E+00
   8.47080  2.740500E+00
   8.48470  2.634900E+00
   8.49860  2.615300E+00
   8.51260  2.596900E+00
   8.52660  2.591400E+00
   8.54060  2.592100E+00
   8.55470  2.630100E+00
   8.56880  2.710800E+00
   8.58300  2.780500E+00
   8.59730  2.817500E+00
   8.61160  2.891200E+00
   8.62590  2.929900E+00
   8.64030  2.965600E+00
   8.65470  3.009600E+00
   8.66920  3.018500E+00
   8.68370  3.046200E+00
   8.69820  3.054600E+00
   8.71290  3.032300E+00
   8.72750  2.998900E+00
   8.74220  2.954300E+00
   8.75700  2.922800E+00
   8.77180  2.867500E+00
   8.78670  2.799600E+00
   8.80160  2.741500E+00
   8.81660  2.696900E+00
   8.83160  2.658200E+00
   8.84670  2.682600E+00
   8.86180  2.707000E+00
   8.87700  2.736200E+00
   8.89220  2.702800E+00
   8.90750  2.716300E+00
   8.92280  2.795400E+00
   8.93820  2.859200E+00
   8.95360  2.909300E+00
   8.96910  3.007400E+00
   8.98470  3.059200E+00
   9.00030  3.111300E+00
   9.01590  3.185500E+00
   9.03160  3.292200E+00
   9.04740  3.369700E+00
   9.06320  3.381900E+00
   9.07910  3.363000E+00
   9.09500  3.419900E+00
   9.11100  3.468500E+00
   9.12700  3.495100E+00
   9.14310  3.515200E+00
   9.15930  3.554900E+00
   9.17550  3.591700E+00
   9.19180  3.598000E+00
   9.20810  3.568300E+00
   9.22450  3.630000E+00
   9.24090  3.709900E+00
   9.25740  3.740600E+00
   9.27400  3.744400E+00
   9.29060  3.791200E+00
   9.30730  3.813300E+00
   9.32400  3.847800E+00
   9.34080  3.898400E+00
   9.35770  3.960200E+00
   9.37460  3.988900E+00
   9.39160  4.054000E+00
   9.40860  4.117400E+00
   9.42570  4.177000E+00
   9.44290  4.237700E+00
   9.46010  4.374100E+00
   9.47740  4.480400E+00
   9.49480  4.575500E+00
   9.51220  4.661200E+00
   9.52970  4.761400E+00
   9.54720  4.834400E+00
   9.56490  4.891900E+00
   9.58250  4.953600E+00
   9.60030  5.063700E+00
   9.61810  5.171800E+00
   9.63600  5.265500E+00
   9.65390  5.341400E+00
   9.67190  5.407700E+00
   9.69000  5.458400E+00
   9.70820  5.485600E+00
   9.72640  5.514900E+00
   9.74470  5.550700E+00
   9.76300  5.574200E+00
   9.78140  5.605800E+00
   9.79990  5.630000E+00
   9.81850  5.676400E+00
   9.83710  5.697200E+00
   9.85580  5.714200E+00
   9.87460  5.730300E+00
   9.89340  5.788900E+00
   9.91230  5.813900E+00
   9.93130  5.827400E+00
   9.95040  5.840300E+00
   9.96950  5.885300E+00
   9.98870  5.964000E+00
  10.00800  5.975600E+00
  10.02700  5.955100E+00
  10.04700  6.036900E+00
  10.06600  6.111100E+00
  10.08600  6.168800E+00
  10.10600  6.248500E+00
  10.12500  6.413500E+00
  10.14500  6.585800E+00
  10.16500  6.746300E+00
  10.18500  6.874800E+00
  10.20500  7.014500E+00
  10.22500  7.097100E+00
  10.24500  7.181800E+00
  10.26600  7.283900E+00
  10.28600  7.366500E+00
  10.30600  7.458400E+00
  10.32700  7.591400E+00
  10.34800  7.706900E+00
  10.36800  7.842800E+00
  10.38900  7.977100E+00
  10.41000  8.118000E+00
  10.43100  8.275900E+00
  10.45200  8.456300E+00
  10.47300  8.641100E+00
  10.49400  8.814700E+00
  10.51600  8.955600E+00
  10.53700  9.101400E+00
  10.55800  9.250900E+00
  10.58000  9.395200E+00
  10.60200  9.491800E+00
  10.62300  9.597500E+00
  10.64500  9.671200E+00
  10.66700  9.733900E+00
  10.68900  9.740400E+00
  10.71100  9.751700E+00
  10.73300  9.755500E+00
  10.75500  9.771000E+00
  10.77800  9.755500E+00
  10.80000  9.736800E+00
  10.82300  9.704700E+00
  10.84600  9.646600E+00
  10.86800  9.569800E+00
  10.89100  9.508800E+00
  10.91400  9.358800E+00
  10.93700  9.208300E+00
  10.96000  9.103500E+00
  10.98300  8.976900E+00
  11.00700  8.790300E+00
  11.03000  8.603700E+00
  11.05400  8.409200E+00
  11.07700  8.261300E+00
  11.10100  8.171600E+00
  11.12500  8.167000E+00
  11.14900  8.227100E+00
  11.17300  8.339500E+00
  11.19700  8.550100E+00
  11.22100  8.813200E+00
  11.24500  9.026000E+00
  11.27000  9.225700E+00
  11.29400  9.414300E+00
  11.31900  9.580100E+00
  11.34400  9.662400E+00
  11.36900  9.701400E+00
  11.39400  9.738700E+00
  11.41900  9.802600E+00
  11.44400  9.812000E+00
  11.46900  9.793700E+00
  11.49500  9.774800E+00
  11.52000  9.820800E+00
  11.54600  9.823400E+00
  11.57200  9.793200E+00
  11.59800  9.745900E+00
  11.62400  9.717900E+00
  11.65000  9.663900E+00
  11.67600  9.593700E+00
  11.70200  9.520500E+00
  11.72900  9.449000E+00
  11.75500  9.363600E+00
  11.78200  9.325300E+00
  11.80900  9.249900E+00
  11.83600  9.154500E+00
  11.86300  9.039800E+00
  11.89000  8.949200E+00
  11.91800  8.821400E+00
  11.94500  8.695500E+00
  11.97300  8.574500E+00
  12.00000  8.482200E+00
  12.02800  8.396400E+00
  12.05600  8.321100E+00
  12.08400  8.204600E+00
  12.11300  8.123700E+00
  12.14100  8.056800E+00
  12.16900  8.010100E+00
  12.19800  7.968200E+00
  12.22700  7.890700E+00
  12.25600  7.790900E+00
  12.28500  7.728500E+00
  12.31400  7.651000E+00
  12.34300  7.609600E+00
  12.37300  7.586600E+00
  12.40200  7.550000E+00
  12.43200  7.491100E+00
  12.46200  7.464400E+00
  12.49200  7.424200E+00
  12.52200  7.367000E+00
  12.55200  7.319300E+00
  12.58300  7.282500E+00
  12.61400  7.237000E+00
  12.64400  7.216900E+00
  12.67500  7.152100E+00
  12.70600  7.103300E+00
  12.73700  7.045900E+00
  12.76900  6.980500E+00
  12.80000  6.917100E+00
  12.83200  6.873600E+00
  12.86400  6.828800E+00
  12.89600  6.798500E+00
  12.92800  6.783900E+00
  12.96000  6.732200E+00
  12.99300  6.672600E+00
  13.02600  6.659500E+00
  13.05800  6.626500E+00
  13.09100  6.553800E+00
  13.12400  6.448900E+00
  13.15800  6.373100E+00
  13.19100  6.332700E+00
  13.22500  6.279100E+00
  13.25900  6.197700E+00
  13.29300  6.145100E+00
  13.32700  6.066900E+00
  13.36100  5.987400E+00
  13.39600  5.897700E+00
  13.43000  5.826400E+00
  13.46500  5.774700E+00
  13.50000  5.733800E+00
  13.53600  5.661300E+00
  13.57100  5.602500E+00
  13.60700  5.503400E+00
  13.64300  5.401500E+00
  13.67900  5.366800E+00
  13.71500  5.389500E+00
  13.75100  5.335400E+00
  13.78800  5.272800E+00
  13.82400  5.205600E+00
  13.86100  5.151200E+00
  13.89900  5.106200E+00
  13.93600  5.166300E+00
  13.97300  5.101200E+00
  14.01100  5.008100E+00
