        2264
   0.30000  9.812000E+01
   0.30000  9.824900E+01
   0.30000  9.824600E+01
   0.31000  9.838700E+01
   0.31000  9.834400E+01
   0.31000  9.827400E+01
   0.31000  9.830700E+01
   0.31000  9.810200E+01
   0.32000  9.823700E+01
   0.32000  9.832100E+01
   0.32000  9.836500E+01
   0.32000  9.844100E+01
   0.32000  9.837800E+01
   0.33000  9.839000E+01
   0.33000  9.844300E+01
   0.33000  9.849000E+01
   0.33000  9.851700E+01
   0.33000  9.845400E+01
   0.34000  9.849600E+01
   0.34000  9.849000E+01
   0.34000  9.853000E+01
   0.34000  9.857200E+01
   0.34000  9.851800E+01
   0.35000  9.862300E+01
   0.35000  9.849800E+01
   0.35000  9.866700E+01
   0.35000  9.865900E+01
   0.35000  9.872900E+01
   0.36000  9.873200E+01
   0.36000  9.867200E+01
   0.36000  9.855100E+01
   0.36000  9.863300E+01
   0.36000  9.876300E+01
   0.37000  9.880400E+01
   0.37000  9.873700E+01
   0.37000  9.854500E+01
   0.37000  9.880300E+01
   0.37000  9.867200E+01
   0.38000  9.880500E+01
   0.38000  9.870800E+01
   0.38000  9.864600E+01
   0.38000  9.880000E+01
   0.38000  9.893600E+01
   0.39000  9.894000E+01
   0.39000  9.901000E+01
   0.39000  9.853400E+01
   0.39000  9.887400E+01
   0.39000  9.898300E+01
   0.40000  9.870300E+01
   0.40000  9.882200E+01
   0.40000  9.897700E+01
   0.40000  9.889500E+01
   0.40000  9.882700E+01
   0.41000  9.898000E+01
   0.41000  9.882500E+01
   0.41000  9.897400E+01
   0.41000  9.901100E+01
   0.41000  9.898100E+01
   0.42000  9.857700E+01
   0.42000  9.910500E+01
   0.42000  9.900500E+01
   0.42000  9.914500E+01
   0.42000  9.897300E+01
   0.43000  9.897200E+01
   0.43000  9.914400E+01
   0.43000  9.894200E+01
   0.43000  9.909600E+01
   0.43000  9.909500E+01
   0.44000  9.914100E+01
   0.44000  9.909400E+01
   0.44000  9.914000E+01
   0.44000  9.906000E+01
   0.44000  9.919000E+01
   0.45000  9.914000E+01
   0.45000  9.920400E+01
   0.45000  9.919800E+01
   0.45000  9.930100E+01
   0.45000  9.919000E+01
   0.46000  9.930600E+01
   0.46000  9.925200E+01
   0.46000  9.936400E+01
   0.46000  9.929900E+01
   0.46000  9.918700E+01
   0.47000  9.914900E+01
   0.47000  9.924700E+01
   0.47000  9.929500E+01
   0.47000  9.924000E+01
   0.47000  9.919500E+01
   0.48000  9.915000E+01
   0.48000  9.918700E+01
   0.48000  9.924600E+01
   0.48000  9.925100E+01
   0.48000  9.910400E+01
   0.49000  9.918700E+01
   0.49000  9.930700E+01
   0.49000  9.942600E+01
   0.49000  9.906200E+01
   0.49000  9.920300E+01
   0.50000  9.914100E+01
   0.50000  9.905900E+01
   0.50000  9.900600E+01
   0.50000  9.919300E+01
   0.50000  9.909400E+01
   0.51000  9.919100E+01
   0.51000  9.902200E+01
   0.51000  9.914400E+01
   0.51000  9.910900E+01
   0.51000  9.904900E+01
   0.52000  9.905500E+01
   0.52000  9.910500E+01
   0.52000  9.913600E+01
   0.52000  9.906300E+01
   0.52000  9.914900E+01
   0.53000  9.909300E+01
   0.53000  9.909800E+01
   0.53000  9.910500E+01
   0.53000  9.918500E+01
   0.53000  9.909900E+01
   0.54000  9.898700E+01
   0.54000  9.896500E+01
   0.54000  9.901000E+01
   0.54000  9.906300E+01
   0.54000  9.892800E+01
   0.55000  9.897700E+01
   0.55000  9.901000E+01
   0.55000  9.894700E+01
   0.55000  9.901100E+01
   0.55000  9.889800E+01
   0.56000  9.896200E+01
   0.56000  9.905300E+01
   0.56000  9.901900E+01
   0.56000  9.898300E+01
   0.56000  9.894900E+01
   0.57000  9.908900E+01
   0.57000  9.900600E+01
   0.57000  9.880300E+01
   0.57000  9.879600E+01
   0.57000  9.890600E+01
   0.58000  9.880900E+01
   0.58000  9.897700E+01
   0.58000  9.878400E+01
   0.58000  9.893600E+01
   0.58000  9.888700E+01
   0.59000  9.871800E+01
   0.59000  9.882300E+01
   0.59000  9.869200E+01
   0.59000  9.879100E+01
   0.59000  9.879700E+01
   0.60000  9.870600E+01
   0.60000  9.880500E+01
   0.60000  9.868200E+01
   0.60000  9.859600E+01
   0.60000  9.849800E+01
   0.61000  9.861400E+01
   0.61000  9.867000E+01
   0.61000  9.861000E+01
   0.61000  9.849900E+01
   0.61000  9.847400E+01
   0.62000  9.847600E+01
   0.62000  9.828100E+01
   0.62000  9.842400E+01
   0.62000  9.837500E+01
   0.62000  9.828700E+01
   0.63000  9.822800E+01
   0.63000  9.826800E+01
   0.63000  9.830500E+01
   0.63000  9.823500E+01
   0.63000  9.824400E+01
   0.64000  9.810400E+01
   0.64000  9.793700E+01
   0.64000  9.815500E+01
   0.64000  9.819400E+01
   0.64000  9.813900E+01
   0.65000  9.804100E+01
   0.65000  9.796000E+01
   0.65000  9.707500E+01
   0.65000  9.796400E+01
   0.65000  9.793000E+01
   0.66000  9.797200E+01
   0.66000  9.741400E+01
   0.66000  9.782000E+01
   0.66000  9.786400E+01
   0.66000  9.782400E+01
   0.67000  9.782100E+01
   0.67000  9.775900E+01
   0.67000  9.774900E+01
   0.67000  9.768200E+01
   0.67000  9.771900E+01
   0.68000  9.767500E+01
   0.68000  9.768500E+01
   0.68000  9.765100E+01
   0.68000  9.760200E+01
   0.68000  9.761700E+01
   0.69000  9.745900E+01
   0.69000  9.758300E+01
   0.69000  9.749200E+01
   0.69000  9.747500E+01
   0.69000  9.743600E+01
   0.70000  9.736900E+01
   0.70000  9.491400E+01
   0.70000  9.728900E+01
   0.70000  9.718300E+01
   0.70000  9.709300E+01
   0.71000  9.723400E+01
   0.71000  9.706900E+01
   0.71000  9.696500E+01
   0.71000  9.694500E+01
   0.71000  9.695100E+01
   0.72000  9.694100E+01
   0.72000  9.687800E+01
   0.72000  9.619800E+01
   0.72000  9.678700E+01
   0.72000  9.677500E+01
   0.73000  9.677800E+01
   0.73000  9.677200E+01
   0.73000  9.672800E+01
   0.73000  9.666100E+01
   0.73000  9.620900E+01
   0.74000  9.645500E+01
   0.74000  9.657500E+01
   0.74000  9.654800E+01
   0.74000  9.643900E+01
   0.74000  9.509300E+01
   0.75000  9.639200E+01
   0.75000  9.472700E+01
   0.75000  9.623400E+01
   0.75000  9.620900E+01
   0.75000  9.607200E+01
   0.76000  9.607800E+01
   0.76000  9.601300E+01
   0.76000  9.382600E+01
   0.76000  9.575200E+01
   0.76000  9.578300E+01
   0.77000  9.561800E+01
   0.77000  9.566800E+01
   0.77000  9.542900E+01
   0.77000  9.549200E+01
   0.77000  9.545300E+01
   0.78000  9.531900E+01
   0.78000  9.534700E+01
   0.78000  9.519300E+01
   0.78000  9.491900E+01
   0.78000  9.505200E+01
   0.79000  9.494800E+01
   0.79000  9.499400E+01
   0.79000  9.489900E+01
   0.79000  9.481700E+01
   0.79000  9.339600E+01
   0.80000  9.466500E+01
   0.80000  9.469100E+01
   0.80000  9.451500E+01
   0.82000  9.452700E+01
   0.84000  9.431000E+01
   0.86000  9.338500E+01
   0.88000  9.159900E+01
   0.90000  9.123400E+01
   0.92000  9.066300E+01
   0.94000  9.011300E+01
   0.96000  8.847800E+01
   0.98000  8.618400E+01
   1.00000  8.387200E+01
   1.02000  8.206900E+01
   1.04000  8.145500E+01
   1.06000  8.316200E+01
   1.08000  8.210100E+01
   1.10000  8.478000E+01
   1.12000  8.447000E+01
   1.14000  8.292900E+01
   1.16000  8.016900E+01
   1.18000  7.596300E+01
   1.20000  6.501500E+01
   1.22000  6.752900E+01
   1.24000  6.590100E+01
   1.26000  6.481100E+01
   1.28000  6.464300E+01
   1.30000  6.520400E+01
   1.32000  6.325400E+01
   1.34000  6.586200E+01
   1.36000  6.549600E+01
   1.38000  6.421900E+01
   1.40000  6.099900E+01
   1.42000  4.417900E+01
   1.44000  2.063300E+01
   1.46000  1.391700E+01
   1.48000  9.862100E+00
   1.50000  8.526700E+00
   1.52000  9.187000E+00
   1.54000  9.992000E+00
   1.56000  1.191000E+01
   1.58000  1.369800E+01
   1.60000  1.533500E+01
   1.62000  1.653100E+01
   1.64000  2.028900E+01
   1.66000  2.091800E+01
   1.68000  2.452200E+01
   1.70000  2.835100E+01
   1.72000  2.836600E+01
   1.74000  2.945600E+01
   1.76000  3.274100E+01
   1.78000  3.520400E+01
   1.80000  3.698600E+01
   1.82000  3.874300E+01
   1.84000  4.092400E+01
   1.86000  3.754800E+01
   1.88000  2.492400E+01
   1.90000  1.539500E+01
   1.92000  9.095100E+00
   1.94000  6.297400E+00
   1.96000  4.493900E+00
   1.98000  3.627200E+00
   2.00000  3.506100E+00
   2.02000  3.689100E+00
   2.04000  4.214900E+00
   2.06000  5.035000E+00
   2.08000  6.198600E+00
   2.10000  8.169100E+00
   2.12000  1.118400E+01
   2.14000  1.392400E+01
   2.16000  1.754100E+01
   2.18000  2.016500E+01
   2.20000  2.280100E+01
   2.22000  2.631900E+01
   2.24000  2.855100E+01
   2.24000  2.810900E+01
   2.25000  2.808000E+01
   2.25000  2.804900E+01
   2.25000  2.800800E+01
   2.25000  2.796400E+01
   2.25000  2.792100E+01
   2.25000  2.787900E+01
   2.25000  2.783600E+01
   2.25000  2.778900E+01
   2.25000  2.773400E+01
   2.25000  2.766700E+01
   2.25000  2.758500E+01
   2.26000  2.748600E+01
   2.26000  2.737100E+01
   2.26000  2.724100E+01
   2.26000  2.710200E+01
   2.26000  2.695400E+01
   2.26000  2.679900E+01
   2.26000  2.663800E+01
   2.26000  2.646900E+01
   2.26000  2.629600E+01
   2.26000  2.612100E+01
   2.27000  2.594500E+01
   2.27000  2.576800E+01
   2.27000  2.558800E+01
   2.27000  2.539800E+01
   2.27000  2.519400E+01
   2.27000  2.497300E+01
   2.27000  2.473800E+01
   2.27000  2.449200E+01
   2.27000  2.424100E+01
   2.27000  2.398800E+01
   2.28000  2.373700E+01
   2.28000  2.348600E+01
   2.28000  2.323500E+01
   2.28000  2.298200E+01
   2.28000  2.272700E+01
   2.28000  2.246800E+01
   2.28000  2.220400E+01
   2.28000  2.193500E+01
   2.28000  2.166400E+01
   2.28000  2.139500E+01
   2.29000  2.113100E+01
   2.29000  2.087300E+01
   2.29000  2.061900E+01
   2.29000  2.036500E+01
   2.29000  2.010400E+01
   2.29000  1.983400E+01
   2.29000  1.956000E+01
   2.29000  1.928800E+01
   2.29000  1.902300E+01
   2.29000  1.876800E+01
   2.30000  1.852100E+01
   2.30000  1.827900E+01
   2.30000  1.803600E+01
   2.30000  1.779100E+01
   2.30000  1.754500E+01
   2.30000  1.730200E+01
   2.30000  1.706300E+01
   2.30000  1.683000E+01
   2.30000  1.660000E+01
   2.31000  1.637300E+01
   2.31000  1.614900E+01
   2.31000  1.592500E+01
   2.31000  1.570200E+01
   2.31000  1.548000E+01
   2.31000  1.526200E+01
   2.31000  1.504600E+01
   2.31000  1.483300E+01
   2.31000  1.462500E+01
   2.31000  1.442500E+01
   2.32000  1.422900E+01
   2.32000  1.403700E+01
   2.32000  1.384700E+01
   2.32000  1.365700E+01
   2.32000  1.346400E+01
   2.32000  1.326900E+01
   2.32000  1.307500E+01
   2.32000  1.288600E+01
   2.32000  1.270500E+01
   2.32000  1.253300E+01
   2.33000  1.237000E+01
   2.33000  1.221400E+01
   2.33000  1.206000E+01
   2.33000  1.190500E+01
   2.33000  1.174800E+01
   2.33000  1.158900E+01
   2.33000  1.143300E+01
   2.33000  1.128200E+01
   2.33000  1.114000E+01
   2.34000  1.100800E+01
   2.34000  1.088300E+01
   2.34000  1.076200E+01
   2.34000  1.064200E+01
   2.34000  1.052100E+01
   2.34000  1.040100E+01
   2.34000  1.028700E+01
   2.34000  1.018100E+01
   2.34000  1.008500E+01
   2.34000  9.993900E+00
   2.35000  9.902900E+00
   2.35000  9.807300E+00
   2.35000  9.706100E+00
   2.35000  9.602600E+00
   2.35000  9.502500E+00
   2.35000  9.410400E+00
   2.35000  9.326300E+00
   2.35000  9.248600E+00
   2.35000  9.174300E+00
   2.36000  9.100800E+00
   2.36000  9.029300E+00
   2.36000  8.962300E+00
   2.36000  8.901700E+00
   2.36000  8.846200E+00
   2.36000  8.793200E+00
   2.36000  8.739200E+00
   2.36000  8.681700E+00
   2.36000  8.620300E+00
   2.37000  8.558000E+00
   2.37000  8.498700E+00
   2.37000  8.444600E+00
   2.37000  8.396300E+00
   2.37000  8.352500E+00
   2.37000  8.311500E+00
   2.37000  8.271000E+00
   2.37000  8.230700E+00
   2.37000  8.192100E+00
   2.37000  8.157600E+00
   2.38000  8.127700E+00
   2.38000  8.101900E+00
   2.38000  8.078900E+00
   2.38000  8.056000E+00
   2.38000  8.030100E+00
   2.38000  8.000600E+00
   2.38000  7.969300E+00
   2.38000  7.939000E+00
   2.38000  7.910800E+00
   2.39000  7.885000E+00
   2.39000  7.861100E+00
   2.39000  7.838400E+00
   2.39000  7.815200E+00
   2.39000  7.792200E+00
   2.39000  7.771800E+00
   2.39000  7.755200E+00
   2.39000  7.742000E+00
   2.39000  7.730600E+00
   2.40000  7.718600E+00
   2.40000  7.703200E+00
   2.40000  7.682300E+00
   2.40000  7.657200E+00
   2.40000  7.631400E+00
   2.40000  7.607700E+00
   2.40000  7.588500E+00
   2.40000  7.574500E+00
   2.40000  7.563900E+00
   2.41000  7.551400E+00
   2.41000  7.532100E+00
   2.41000  7.504700E+00
   2.41000  7.470800E+00
   2.41000  7.433900E+00
   2.41000  7.399700E+00
   2.41000  7.372800E+00
   2.41000  7.354100E+00
   2.41000  7.341100E+00
   2.42000  7.328300E+00
   2.42000  7.311500E+00
   2.42000  7.289200E+00
   2.42000  7.262000E+00
   2.42000  7.232800E+00
   2.42000  7.203900E+00
   2.42000  7.176400E+00
   2.42000  7.149500E+00
   2.42000  7.121500E+00
   2.43000  7.092000E+00
   2.43000  7.061400E+00
   2.43000  7.031300E+00
   2.43000  7.003600E+00
   2.43000  6.978500E+00
   2.43000  6.956000E+00
   2.43000  6.934900E+00
   2.43000  6.914700E+00
   2.44000  6.894200E+00
   2.44000  6.871700E+00
   2.44000  6.846600E+00
   2.44000  6.818900E+00
   2.44000  6.788800E+00
   2.44000  6.758500E+00
   2.44000  6.730300E+00
   2.44000  6.705400E+00
   2.44000  6.683900E+00
   2.45000  6.665500E+00
   2.45000  6.648400E+00
   2.45000  6.631100E+00
   2.45000  6.612600E+00
   2.45000  6.593400E+00
   2.45000  6.572800E+00
   2.45000  6.549100E+00
   2.45000  6.521400E+00
   2.45000  6.490700E+00
   2.46000  6.456800E+00
   2.46000  6.421500E+00
   2.46000  6.387200E+00
   2.46000  6.356400E+00
   2.46000  6.330100E+00
   2.46000  6.307100E+00
   2.46000  6.285800E+00
   2.46000  6.264500E+00
   2.47000  6.242700E+00
   2.47000  6.219700E+00
   2.47000  6.195300E+00
   2.47000  6.169800E+00
   2.47000  6.143200E+00
   2.47000  6.114400E+00
   2.47000  6.081900E+00
   2.47000  6.047400E+00
   2.47000  6.012700E+00
   2.48000  5.981000E+00
   2.48000  5.954500E+00
   2.48000  5.934800E+00
   2.48000  5.920900E+00
   2.48000  5.908800E+00
   2.48000  5.894800E+00
   2.48000  5.875900E+00
   2.48000  5.851000E+00
   2.49000  5.820200E+00
   2.49000  5.785900E+00
   2.49000  5.750800E+00
   2.49000  5.718000E+00
   2.49000  5.688100E+00
   2.49000  5.663900E+00
   2.49000  5.646700E+00
   2.49000  5.636000E+00
   2.49000  5.630100E+00
   2.50000  5.625100E+00
   2.50000  5.616800E+00
   2.50000  5.601400E+00
   2.50000  5.577200E+00
   2.50000  5.547400E+00
   2.50000  5.516400E+00
   2.50000  5.489600E+00
   2.50000  5.470200E+00
   2.51000  5.458600E+00
   2.51000  5.452000E+00
   2.51000  5.447200E+00
   2.51000  5.441100E+00
   2.51000  5.432100E+00
   2.51000  5.419800E+00
   2.51000  5.404600E+00
   2.51000  5.388300E+00
   2.52000  5.372600E+00
   2.52000  5.359600E+00
   2.52000  5.349600E+00
   2.52000  5.342800E+00
   2.52000  5.337100E+00
   2.52000  5.330400E+00
   2.52000  5.321200E+00
   2.52000  5.310400E+00
   2.53000  5.298700E+00
   2.53000  5.288100E+00
   2.53000  5.278800E+00
   2.53000  5.271600E+00
   2.53000  5.264900E+00
   2.53000  5.259600E+00
   2.53000  5.256600E+00
   2.53000  5.256600E+00
   2.54000  5.259600E+00
   2.54000  5.265200E+00
   2.54000  5.271900E+00
   2.54000  5.277500E+00
   2.54000  5.280000E+00
   2.54000  5.280800E+00
   2.54000  5.281300E+00
   2.54000  5.281700E+00
   2.54000  5.281900E+00
   2.55000  5.282900E+00
   2.55000  5.284100E+00
   2.55000  5.284600E+00
   2.55000  5.286200E+00
   2.55000  5.292300E+00
   2.55000  5.304900E+00
   2.55000  5.320500E+00
   2.56000  5.333100E+00
   2.56000  5.336600E+00
   2.56000  5.326900E+00
   2.56000  5.305100E+00
   2.56000  5.280000E+00
   2.56000  5.263900E+00
   2.56000  5.266500E+00
   2.56000  5.287700E+00
   2.57000  5.319400E+00
   2.57000  5.350100E+00
   2.57000  5.370800E+00
   2.57000  5.376200E+00
   2.57000  5.368900E+00
   2.57000  5.358200E+00
   2.57000  5.353200E+00
   2.57000  5.358200E+00
   2.58000  5.371000E+00
   2.58000  5.387800E+00
   2.58000  5.402500E+00
   2.58000  5.406500E+00
   2.58000  5.395300E+00
   2.58000  5.375000E+00
   2.58000  5.354400E+00
   2.58000  5.342100E+00
   2.59000  5.341100E+00
   2.59000  5.347800E+00
   2.59000  5.350400E+00
   2.59000  5.332400E+00
   2.59000  5.286200E+00
   2.59000  5.223600E+00
   2.59000  5.168300E+00
   2.59000  5.142900E+00
   2.60000  5.157400E+00
   2.60000  5.204200E+00
   2.60000  5.260400E+00
   2.60000  5.296400E+00
   2.60000  5.291900E+00
   2.60000  5.249700E+00
   2.60000  5.191200E+00
   2.61000  5.140500E+00
   2.61000  5.114500E+00
   2.61000  5.118800E+00
   2.61000  5.143400E+00
   2.61000  5.169900E+00
   2.61000  5.177800E+00
   2.61000  5.156200E+00
   2.61000  5.110100E+00
   2.62000  5.049100E+00
   2.62000  4.988800E+00
   2.62000  4.944000E+00
   2.62000  4.920500E+00
   2.62000  4.913400E+00
   2.62000  4.906800E+00
   2.62000  4.886500E+00
   2.62000  4.846700E+00
   2.63000  4.785800E+00
   2.63000  4.714100E+00
   2.63000  4.648200E+00
   2.63000  4.600100E+00
   2.63000  4.573600E+00
   2.63000  4.563900E+00
   2.63000  4.563200E+00
   2.64000  4.560800E+00
   2.64000  4.545900E+00
   2.64000  4.515800E+00
   2.64000  4.473300E+00
   2.64000  4.420200E+00
   2.64000  4.361700E+00
   2.64000  4.301900E+00
   2.64000  4.244400E+00
   2.65000  4.189200E+00
   2.65000  4.134500E+00
   2.65000  4.080300E+00
   2.65000  4.025600E+00
   2.65000  3.968600E+00
   2.65000  3.909400E+00
   2.65000  3.847800E+00
   2.66000  3.781900E+00
   2.66000  3.709300E+00
   2.66000  3.628300E+00
   2.66000  3.536600E+00
   2.66000  3.434300E+00
   2.66000  3.324200E+00
   2.66000  3.212800E+00
   2.67000  3.106300E+00
   2.67000  3.009200E+00
   2.67000  2.926100E+00
   2.67000  2.856700E+00
   2.67000  2.795800E+00
   2.67000  2.736400E+00
   2.67000  2.672900E+00
   2.68000  2.604300E+00
   2.68000  2.530100E+00
   2.68000  2.452700E+00
   2.68000  2.376400E+00
   2.68000  2.301800E+00
   2.68000  2.228000E+00
   2.68000  2.153100E+00
   2.68000  2.076200E+00
   2.69000  1.998000E+00
   2.69000  1.920600E+00
   2.69000  1.845000E+00
   2.69000  1.771900E+00
   2.69000  1.700300E+00
   2.69000  1.631400E+00
   2.69000  1.566100E+00
   2.70000  1.503800E+00
   2.70000  1.445500E+00
   2.70000  1.389900E+00
   2.70000  1.334900E+00
   2.70000  1.277600E+00
   2.70000  1.217400E+00
   2.70000  1.156100E+00
   2.71000  1.096200E+00
   2.71000  1.039800E+00
   2.71000  9.897000E-01
   2.71000  9.458000E-01
   2.71000  9.066000E-01
   2.71000  8.686000E-01
   2.71000  8.303000E-01
   2.72000  7.907000E-01
   2.72000  7.495000E-01
   2.72000  7.078000E-01
   2.72000  6.680000E-01
   2.72000  6.335000E-01
   2.72000  6.053000E-01
   2.72000  5.833000E-01
   2.73000  5.665000E-01
   2.73000  5.532000E-01
   2.73000  5.392000E-01
   2.73000  5.215000E-01
   2.73000  4.995000E-01
   2.73000  4.738000E-01
   2.73000  4.464000E-01
   2.74000  4.199000E-01
   2.74000  3.974000E-01
   2.74000  3.805000E-01
   2.74000  3.687000E-01
   2.74000  3.618000E-01
   2.74000  3.585000E-01
   2.74000  3.569000E-01
   2.75000  3.545000E-01
   2.75000  3.496000E-01
   2.75000  3.406000E-01
   2.75000  3.266000E-01
   2.75000  3.090000E-01
   2.75000  2.913000E-01
   2.75000  2.766000E-01
   2.76000  2.668000E-01
   2.76000  2.629000E-01
   2.76000  2.635000E-01
   2.76000  2.655000E-01
   2.76000  2.660000E-01
   2.76000  2.635000E-01
   2.76000  2.588000E-01
   2.77000  2.525000E-01
   2.77000  2.453000E-01
   2.77000  2.397000E-01
   2.77000  2.359000E-01
   2.77000  2.335000E-01
   2.77000  2.325000E-01
   2.78000  2.325000E-01
   2.78000  2.338000E-01
   2.78000  2.349000E-01
   2.78000  2.361000E-01
   2.78000  2.366000E-01
   2.78000  2.359000E-01
   2.78000  2.328000E-01
   2.79000  2.276000E-01
   2.79000  2.212000E-01
   2.79000  2.152000E-01
   2.79000  2.105000E-01
   2.79000  2.077000E-01
   2.79000  2.067000E-01
   2.79000  2.058000E-01
   2.80000  2.032000E-01
   2.80000  1.982000E-01
   2.80000  1.914000E-01
   2.80000  1.852000E-01
   2.80000  1.814000E-01
   2.80000  1.817000E-01
   2.81000  1.868000E-01
   2.81000  1.947000E-01
   2.81000  2.011000E-01
   2.81000  2.032000E-01
   2.81000  1.994000E-01
   2.81000  1.904000E-01
   2.81000  1.774000E-01
   2.82000  1.634000E-01
   2.82000  1.520000E-01
   2.82000  1.442000E-01
   2.82000  1.402000E-01
   2.82000  1.406000E-01
   2.82000  1.449000E-01
   2.83000  1.511000E-01
   2.83000  1.582000E-01
   2.83000  1.646000E-01
   2.83000  1.689000E-01
   2.83000  1.710000E-01
   2.83000  1.722000E-01
   2.83000  1.738000E-01
   2.84000  1.753000E-01
   2.84000  1.764000E-01
   2.84000  1.762000E-01
   2.84000  1.733000E-01
   2.84000  1.672000E-01
   2.84000  1.603000E-01
   2.85000  1.544000E-01
   2.85000  1.508000E-01
   2.85000  1.503000E-01
   2.85000  1.533000E-01
   2.85000  1.599000E-01
   2.85000  1.697000E-01
   2.85000  1.826000E-01
   2.86000  1.970000E-01
   2.86000  2.105000E-01
   2.86000  2.190000E-01
   2.86000  2.205000E-01
   2.86000  2.134000E-01
   2.86000  1.996000E-01
   2.87000  1.828000E-01
   2.87000  1.686000E-01
   2.87000  1.599000E-01
   2.87000  1.584000E-01
   2.87000  1.648000E-01
   2.87000  1.774000E-01
   2.88000  1.923000E-01
   2.88000  2.051000E-01
   2.88000  2.136000E-01
   2.88000  2.169000E-01
   2.88000  2.160000E-01
   2.88000  2.126000E-01
   2.88000  2.101000E-01
   2.89000  2.126000E-01
   2.89000  2.215000E-01
   2.89000  2.351000E-01
   2.89000  2.517000E-01
   2.89000  2.702000E-01
   2.89000  2.868000E-01
   2.90000  2.979000E-01
   2.90000  3.031000E-01
   2.90000  3.055000E-01
   2.90000  3.062000E-01
   2.90000  3.062000E-01
   2.90000  3.074000E-01
   2.91000  3.123000E-01
   2.91000  3.197000E-01
   2.91000  3.280000E-01
   2.91000  3.386000E-01
   2.91000  3.531000E-01
   2.91000  3.708000E-01
   2.92000  3.896000E-01
   2.92000  4.083000E-01
   2.92000  4.258000E-01
   2.92000  4.395000E-01
   2.92000  4.495000E-01
   2.92000  4.580000E-01
   2.93000  4.682000E-01
   2.93000  4.814000E-01
   2.93000  4.973000E-01
   2.93000  5.139000E-01
   2.93000  5.297000E-01
   2.93000  5.428000E-01
   2.94000  5.537000E-01
   2.94000  5.641000E-01
   2.94000  5.767000E-01
   2.94000  5.918000E-01
   2.94000  6.079000E-01
   2.94000  6.235000E-01
   2.95000  6.368000E-01
   2.95000  6.480000E-01
   2.95000  6.577000E-01
   2.95000  6.676000E-01
   2.95000  6.782000E-01
   2.95000  6.889000E-01
   2.96000  6.989000E-01
   2.96000  7.071000E-01
   2.96000  7.140000E-01
   2.96000  7.209000E-01
   2.96000  7.306000E-01
   2.96000  7.436000E-01
   2.97000  7.582000E-01
   2.97000  7.735000E-01
   2.97000  7.870000E-01
   2.97000  7.964000E-01
   2.97000  8.002000E-01
   2.97000  7.990000E-01
   2.98000  7.955000E-01
   2.98000  7.914000E-01
   2.98000  7.888000E-01
   2.98000  7.909000E-01
   2.98000  7.995000E-01
   2.98000  8.142000E-01
   2.99000  8.331000E-01
   2.99000  8.542000E-01
   2.99000  8.746000E-01
   2.99000  8.900000E-01
   2.99000  8.994000E-01
   2.99000  9.037000E-01
   3.00000  9.053000E-01
   3.00000  9.068000E-01
   3.00000  9.110000E-01
   3.00000  9.210000E-01
   3.00000  9.363000E-01
   3.01000  9.565000E-01
   3.01000  9.812000E-01
   3.01000  1.010300E+00
   3.01000  1.042700E+00
   3.01000  1.076600E+00
   3.01000  1.109000E+00
   3.02000  1.137600E+00
   3.02000  1.160400E+00
   3.02000  1.176000E+00
   3.02000  1.186900E+00
   3.02000  1.196900E+00
   3.02000  1.209700E+00
   3.03000  1.227900E+00
   3.03000  1.253200E+00
   3.03000  1.285000E+00
   3.03000  1.321200E+00
   3.03000  1.357700E+00
   3.04000  1.392000E+00
   3.04000  1.426400E+00
   3.04000  1.463500E+00
   3.04000  1.506100E+00
   3.04000  1.555700E+00
   3.04000  1.611100E+00
   3.05000  1.668400E+00
   3.05000  1.721700E+00
   3.05000  1.768300E+00
   3.05000  1.810700E+00
   3.05000  1.851100E+00
   3.05000  1.892700E+00
   3.06000  1.936200E+00
   3.06000  1.981700E+00
   3.06000  2.028100E+00
   3.06000  2.074700E+00
   3.06000  2.123300E+00
   3.07000  2.175600E+00
   3.07000  2.231500E+00
   3.07000  2.289800E+00
   3.07000  2.347600E+00
   3.07000  2.401800E+00
   3.07000  2.451500E+00
   3.08000  2.497900E+00
   3.08000  2.543100E+00
   3.08000  2.588800E+00
   3.08000  2.635300E+00
   3.08000  2.680800E+00
   3.09000  2.722900E+00
   3.09000  2.758200E+00
   3.09000  2.785000E+00
   3.09000  2.802200E+00
   3.09000  2.808800E+00
   3.10000  2.804200E+00
   3.10000  2.789700E+00
   3.10000  2.766900E+00
   3.10000  2.738000E+00
   3.10000  2.705100E+00
   3.10000  2.670600E+00
   3.11000  2.635800E+00
   3.11000  2.598500E+00
   3.11000  2.558300E+00
   3.11000  2.515200E+00
   3.11000  2.469700E+00
   3.12000  2.422200E+00
   3.12000  2.374600E+00
   3.12000  2.329700E+00
   3.12000  2.289500E+00
   3.12000  2.254000E+00
   3.12000  2.223200E+00
   3.13000  2.196500E+00
   3.13000  2.172300E+00
   3.13000  2.148800E+00
   3.13000  2.125500E+00
   3.13000  2.103200E+00
   3.14000  2.083100E+00
   3.14000  2.066500E+00
   3.14000  2.053700E+00
   3.14000  2.044700E+00
   3.14000  2.037300E+00
   3.15000  2.030000E+00
   3.15000  2.021500E+00
   3.15000  2.012300E+00
   3.15000  2.003700E+00
   3.15000  1.997800E+00
   3.16000  1.995700E+00
   3.16000  1.997000E+00
   3.16000  2.000400E+00
   3.16000  2.004900E+00
   3.16000  2.009400E+00
   3.16000  2.013400E+00
   3.17000  2.017400E+00
   3.17000  2.022000E+00
   3.17000  2.026400E+00
   3.17000  2.030200E+00
   3.17000  2.033000E+00
   3.18000  2.035200E+00
   3.18000  2.037800E+00
   3.18000  2.041100E+00
   3.18000  2.045600E+00
   3.18000  2.051100E+00
   3.19000  2.056000E+00
   3.19000  2.058600E+00
   3.19000  2.056500E+00
   3.19000  2.048900E+00
   3.19000  2.036100E+00
   3.20000  2.018900E+00
   3.20000  1.999200E+00
   3.20000  1.979600E+00
   3.20000  1.962700E+00
   3.20000  1.950700E+00
   3.21000  1.942800E+00
   3.21000  1.938800E+00
   3.21000  1.936200E+00
   3.21000  1.931300E+00
   3.21000  1.921300E+00
   3.22000  1.905700E+00
   3.22000  1.885800E+00
   3.22000  1.864400E+00
   3.22000  1.842900E+00
   3.22000  1.823200E+00
   3.23000  1.805500E+00
   3.23000  1.788000E+00
   3.23000  1.770600E+00
   3.23000  1.753400E+00
   3.23000  1.737600E+00
   3.24000  1.724000E+00
   3.24000  1.712400E+00
   3.24000  1.701100E+00
   3.24000  1.688000E+00
   3.24000  1.673300E+00
   3.25000  1.657700E+00
   3.25000  1.643500E+00
   3.25000  1.633300E+00
   3.25000  1.627200E+00
   3.25000  1.622400E+00
   3.26000  1.616000E+00
   3.26000  1.604400E+00
   3.26000  1.587600E+00
   3.26000  1.568000E+00
   3.26000  1.548500E+00
   3.27000  1.532700E+00
   3.27000  1.521100E+00
   3.27000  1.513000E+00
   3.27000  1.506900E+00
   3.27000  1.501000E+00
   3.28000  1.493800E+00
   3.28000  1.484900E+00
   3.28000  1.473200E+00
   3.28000  1.459000E+00
   3.29000  1.442900E+00
   3.29000  1.427500E+00
   3.29000  1.414900E+00
   3.29000  1.406700E+00
   3.29000  1.401700E+00
   3.30000  1.398000E+00
   3.30000  1.392400E+00
   3.30000  1.383500E+00
   3.30000  1.371200E+00
   3.30000  1.357700E+00
   3.31000  1.346300E+00
   3.31000  1.338000E+00
   3.31000  1.332600E+00
   3.31000  1.328300E+00
   3.31000  1.323800E+00
   3.32000  1.318100E+00
   3.32000  1.311100E+00
   3.32000  1.305100E+00
   3.32000  1.302500E+00
   3.33000  1.302700E+00
   3.33000  1.304400E+00
   3.33000  1.305300E+00
   3.33000  1.303700E+00
   3.33000  1.297100E+00
   3.34000  1.286400E+00
   3.34000  1.274800E+00
   3.34000  1.263900E+00
   3.34000  1.255100E+00
   3.34000  1.248300E+00
   3.35000  1.243700E+00
   3.35000  1.240000E+00
   3.35000  1.235700E+00
   3.35000  1.230500E+00
   3.36000  1.225300E+00
   3.36000  1.219900E+00
   3.36000  1.214300E+00
   3.36000  1.209900E+00
   3.36000  1.208900E+00
   3.37000  1.212300E+00
   3.37000  1.218900E+00
   3.37000  1.227100E+00
   3.37000  1.234300E+00
   3.38000  1.236800E+00
   3.38000  1.232900E+00
   3.38000  1.222900E+00
   3.38000  1.210400E+00
   3.38000  1.199000E+00
   3.39000  1.191000E+00
   3.39000  1.186700E+00
   3.39000  1.185200E+00
   3.39000  1.184600E+00
   3.39000  1.182600E+00
   3.40000  1.178800E+00
   3.40000  1.173700E+00
   3.40000  1.169600E+00
   3.40000  1.168000E+00
   3.41000  1.168900E+00
   3.41000  1.171600E+00
   3.41000  1.173900E+00
   3.41000  1.173900E+00
   3.42000  1.170600E+00
   3.42000  1.163900E+00
   3.42000  1.156800E+00
   3.42000  1.151400E+00
   3.42000  1.148600E+00
   3.43000  1.149100E+00
   3.43000  1.151700E+00
   3.43000  1.154500E+00
   3.43000  1.155000E+00
   3.44000  1.151900E+00
   3.44000  1.146000E+00
   3.44000  1.138900E+00
   3.44000  1.132000E+00
   3.44000  1.127900E+00
   3.45000  1.128200E+00
   3.45000  1.131000E+00
   3.45000  1.133800E+00
   3.45000  1.134800E+00
   3.46000  1.133600E+00
   3.46000  1.131500E+00
   3.46000  1.129600E+00
   3.46000  1.130300E+00
   3.47000  1.134600E+00
   3.47000  1.141500E+00
   3.47000  1.147800E+00
   3.47000  1.151700E+00
   3.47000  1.152600E+00
   3.48000  1.150900E+00
   3.48000  1.147800E+00
   3.48000  1.145300E+00
   3.48000  1.144500E+00
   3.49000  1.145700E+00
   3.49000  1.148100E+00
   3.49000  1.150700E+00
   3.49000  1.153000E+00
   3.50000  1.155200E+00
   3.50000  1.156800E+00
   3.50000  1.158800E+00
   3.50000  1.161600E+00
   3.51000  1.165400E+00
   3.51000  1.168500E+00
   3.51000  1.171100E+00
   3.51000  1.172400E+00
   3.51000  1.172200E+00
   3.52000  1.170100E+00
   3.52000  1.167500E+00
   3.52000  1.165600E+00
   3.52000  1.164900E+00
   3.53000  1.165800E+00
   3.53000  1.168900E+00
   3.53000  1.173700E+00
   3.53000  1.178400E+00
   3.54000  1.182400E+00
   3.54000  1.185200E+00
   3.54000  1.187200E+00
   3.54000  1.189300E+00
   3.55000  1.192800E+00
   3.55000  1.198500E+00
   3.55000  1.205600E+00
   3.55000  1.213200E+00
   3.56000  1.219600E+00
   3.56000  1.222700E+00
   3.56000  1.222200E+00
   3.56000  1.219400E+00
   3.57000  1.216100E+00
   3.57000  1.214000E+00
   3.57000  1.214000E+00
   3.57000  1.216100E+00
   3.58000  1.219100E+00
   3.58000  1.222000E+00
   3.58000  1.225000E+00
   3.58000  1.229300E+00
   3.59000  1.236700E+00
   3.59000  1.246600E+00
   3.59000  1.257500E+00
   3.59000  1.267200E+00
   3.60000  1.273100E+00
   3.60000  1.275300E+00
   3.60000  1.275300E+00
   3.60000  1.275300E+00
   3.61000  1.277400E+00
   3.61000  1.281900E+00
   3.61000  1.287100E+00
   3.61000  1.290700E+00
   3.62000  1.291200E+00
   3.62000  1.288500E+00
   3.62000  1.284000E+00
   3.62000  1.279500E+00
   3.63000  1.277600E+00
   3.63000  1.278100E+00
   3.63000  1.280500E+00
   3.63000  1.282600E+00
   3.64000  1.283300E+00
   3.64000  1.282300E+00
   3.64000  1.280200E+00
   3.64000  1.278600E+00
   3.65000  1.278100E+00
   3.65000  1.279200E+00
   3.65000  1.281400E+00
   3.65000  1.283300E+00
   3.66000  1.284800E+00
   3.66000  1.285900E+00
   3.66000  1.286900E+00
   3.66000  1.287300E+00
   3.67000  1.286900E+00
   3.67000  1.284800E+00
   3.67000  1.281200E+00
   3.67000  1.277400E+00
   3.68000  1.274100E+00
   3.68000  1.272900E+00
   3.68000  1.273100E+00
   3.68000  1.272600E+00
   3.69000  1.269800E+00
   3.69000  1.263900E+00
   3.69000  1.255400E+00
   3.70000  1.245400E+00
   3.70000  1.237100E+00
   3.70000  1.232200E+00
   3.70000  1.230300E+00
   3.71000  1.230500E+00
   3.71000  1.231400E+00
   3.71000  1.231200E+00
   3.71000  1.228600E+00
   3.72000  1.223800E+00
   3.72000  1.217700E+00
   3.72000  1.211000E+00
   3.72000  1.203000E+00
   3.73000  1.193800E+00
   3.73000  1.183600E+00
   3.73000  1.172700E+00
   3.73000  1.161600E+00
   3.74000  1.151900E+00
   3.74000  1.145300E+00
   3.74000  1.141900E+00
   3.75000  1.141500E+00
   3.75000  1.142400E+00
   3.75000  1.144000E+00
   3.75000  1.144500E+00
   3.76000  1.142400E+00
   3.76000  1.137200E+00
   3.76000  1.129200E+00
   3.76000  1.119200E+00
   3.77000  1.108000E+00
   3.77000  1.096700E+00
   3.77000  1.086800E+00
   3.78000  1.078300E+00
   3.78000  1.070700E+00
   3.78000  1.064000E+00
   3.78000  1.058100E+00
   3.79000  1.052400E+00
   3.79000  1.047200E+00
   3.79000  1.042900E+00
   3.80000  1.040100E+00
   3.80000  1.037700E+00
   3.80000  1.035400E+00
   3.80000  1.031300E+00
   3.81000  1.025200E+00
   3.81000  1.016400E+00
   3.81000  1.005500E+00
   3.81000  9.942000E-01
   3.82000  9.845000E-01
   3.82000  9.771000E-01
   3.82000  9.726000E-01
   3.83000  9.705000E-01
   3.83000  9.698000E-01
   3.83000  9.695000E-01
   3.83000  9.679000E-01
   3.84000  9.651000E-01
   3.84000  9.610000E-01
   3.84000  9.562000E-01
   3.85000  9.503000E-01
   3.85000  9.432000E-01
   3.85000  9.355000E-01
   3.85000  9.274000E-01
   3.86000  9.200000E-01
   3.86000  9.146000E-01
   3.86000  9.110000E-01
   3.87000  9.092000E-01
   3.87000  9.072000E-01
   3.87000  9.046000E-01
   3.87000  9.006000E-01
   3.88000  8.961000E-01
   3.88000  8.913000E-01
   3.88000  8.883000E-01
   3.89000  8.869000E-01
   3.89000  8.867000E-01
   3.89000  8.867000E-01
   3.89000  8.864000E-01
   3.90000  8.854000E-01
   3.90000  8.838000E-01
   3.90000  8.814000E-01
   3.91000  8.781000E-01
   3.91000  8.736000E-01
   3.91000  8.672000E-01
   3.92000  8.587000E-01
   3.92000  8.494000E-01
   3.92000  8.417000E-01
   3.92000  8.366000E-01
   3.93000  8.353000E-01
   3.93000  8.364000E-01
   3.93000  8.388000E-01
   3.94000  8.402000E-01
   3.94000  8.395000E-01
   3.94000  8.366000E-01
   3.95000  8.331000E-01
   3.95000  8.295000E-01
   3.95000  8.264000E-01
   3.95000  8.231000E-01
   3.96000  8.189000E-01
   3.96000  8.128000E-01
   3.96000  8.057000E-01
   3.97000  7.990000E-01
   3.97000  7.942000E-01
   3.97000  7.926000E-01
   3.98000  7.934000E-01
   3.98000  7.957000E-01
   3.98000  7.978000E-01
   3.98000  7.990000E-01
   3.99000  7.985000E-01
   3.99000  7.967000E-01
   3.99000  7.934000E-01
   4.00000  7.891000E-01
   4.00000  7.841000E-01
   4.00000  7.791000E-01
   4.01000  7.746000E-01
   4.01000  7.709000E-01
   4.01000  7.687000E-01
   4.02000  7.679000E-01
   4.02000  7.678000E-01
   4.02000  7.668000E-01
   4.02000  7.651000E-01
   4.03000  7.625000E-01
   4.03000  7.592000E-01
   4.03000  7.564000E-01
   4.04000  7.548000E-01
   4.04000  7.548000E-01
   4.04000  7.559000E-01
   4.05000  7.571000E-01
   4.05000  7.578000E-01
   4.05000  7.578000E-01
   4.06000  7.561000E-01
   4.06000  7.536000E-01
   4.06000  7.510000E-01
   4.07000  7.481000E-01
   4.07000  7.451000E-01
   4.07000  7.413000E-01
   4.08000  7.367000E-01
   4.08000  7.323000E-01
   4.08000  7.280000E-01
   4.09000  7.249000E-01
   4.09000  7.237000E-01
   4.09000  7.244000E-01
   4.09000  7.263000E-01
   4.10000  7.280000E-01
   4.10000  7.287000E-01
   4.10000  7.277000E-01
   4.11000  7.252000E-01
   4.11000  7.223000E-01
   4.11000  7.204000E-01
   4.12000  7.196000E-01
   4.12000  7.204000E-01
   4.12000  7.218000E-01
   4.13000  7.221000E-01
   4.13000  7.206000E-01
   4.13000  7.180000E-01
   4.14000  7.154000E-01
   4.14000  7.137000E-01
   4.14000  7.142000E-01
   4.15000  7.168000E-01
   4.15000  7.204000E-01
   4.15000  7.223000E-01
   4.16000  7.218000E-01
   4.16000  7.188000E-01
   4.16000  7.135000E-01
   4.17000  7.078000E-01
   4.17000  7.038000E-01
   4.17000  7.024000E-01
   4.18000  7.033000E-01
   4.18000  7.052000E-01
   4.18000  7.073000E-01
   4.19000  7.081000E-01
   4.19000  7.065000E-01
   4.19000  7.022000E-01
   4.20000  6.963000E-01
   4.20000  6.903000E-01
   4.20000  6.851000E-01
   4.21000  6.815000E-01
   4.21000  6.804000E-01
   4.21000  6.818000E-01
   4.22000  6.849000E-01
   4.22000  6.879000E-01
   4.23000  6.891000E-01
   4.23000  6.877000E-01
   4.23000  6.830000E-01
   4.24000  6.761000E-01
   4.24000  6.688000E-01
   4.24000  6.628000E-01
   4.25000  6.603000E-01
   4.25000  6.605000E-01
   4.25000  6.631000E-01
   4.26000  6.667000E-01
   4.26000  6.707000E-01
   4.26000  6.735000E-01
   4.27000  6.747000E-01
   4.27000  6.733000E-01
   4.27000  6.695000E-01
   4.28000  6.633000E-01
   4.28000  6.560000E-01
   4.28000  6.496000E-01
   4.29000  6.463000E-01
   4.29000  6.470000E-01
   4.30000  6.508000E-01
   4.30000  6.550000E-01
   4.30000  6.586000E-01
   4.31000  6.600000E-01
   4.31000  6.588000E-01
   4.31000  6.560000E-01
   4.32000  6.534000E-01
   4.32000  6.513000E-01
   4.32000  6.496000E-01
   4.33000  6.477000E-01
   4.33000  6.460000E-01
   4.33000  6.442000E-01
   4.34000  6.422000E-01
   4.34000  6.408000E-01
   4.35000  6.401000E-01
   4.35000  6.401000E-01
   4.35000  6.401000E-01
   4.36000  6.404000E-01
   4.36000  6.406000E-01
   4.36000  6.404000E-01
   4.37000  6.396000E-01
   4.37000  6.389000E-01
   4.37000  6.380000E-01
   4.38000  6.378000E-01
   4.38000  6.380000E-01
   4.39000  6.389000E-01
   4.39000  6.389000E-01
   4.39000  6.375000E-01
   4.40000  6.347000E-01
   4.40000  6.314000E-01
   4.40000  6.289000E-01
   4.41000  6.285000E-01
   4.41000  6.304000E-01
   4.42000  6.335000E-01
   4.42000  6.356000E-01
   4.42000  6.356000E-01
   4.43000  6.335000E-01
   4.43000  6.314000E-01
   4.43000  6.311000E-01
   4.44000  6.335000E-01
   4.44000  6.385000E-01
   4.45000  6.439000E-01
   4.45000  6.480000E-01
   4.45000  6.493000E-01
   4.46000  6.477000E-01
   4.46000  6.446000E-01
   4.47000  6.411000E-01
   4.47000  6.383000E-01
   4.47000  6.363000E-01
   4.48000  6.353000E-01
   4.48000  6.352000E-01
   4.48000  6.353000E-01
   4.49000  6.365000E-01
   4.49000  6.386000E-01
   4.50000  6.416000E-01
   4.50000  6.439000E-01
   4.50000  6.446000E-01
   4.51000  6.422000E-01
   4.51000  6.375000E-01
   4.52000  6.319000E-01
   4.52000  6.273000E-01
   4.52000  6.257000E-01
   4.53000  6.281000E-01
   4.53000  6.345000E-01
   4.54000  6.437000E-01
   4.54000  6.541000E-01
   4.54000  6.638000E-01
   4.55000  6.713000E-01
   4.55000  6.761000E-01
   4.56000  6.773000E-01
   4.56000  6.749000E-01
   4.56000  6.705000E-01
   4.57000  6.649000E-01
   4.57000  6.605000E-01
   4.58000  6.572000E-01
   4.58000  6.555000E-01
   4.58000  6.548000E-01
   4.59000  6.544000E-01
   4.59000  6.536000E-01
   4.60000  6.534000E-01
   4.60000  6.550000E-01
   4.60000  6.590000E-01
   4.61000  6.638000E-01
   4.61000  6.688000E-01
   4.62000  6.726000E-01
   4.62000  6.742000E-01
   4.62000  6.730000E-01
   4.63000  6.700000E-01
   4.63000  6.664000E-01
   4.64000  6.636000E-01
   4.64000  6.616000E-01
   4.65000  6.616000E-01
   4.65000  6.633000E-01
   4.65000  6.664000E-01
   4.66000  6.695000E-01
   4.66000  6.713000E-01
   4.67000  6.723000E-01
   4.67000  6.721000E-01
   4.67000  6.711000E-01
   4.68000  6.707000E-01
   4.68000  6.713000E-01
   4.69000  6.740000E-01
   4.69000  6.782000E-01
   4.70000  6.832000E-01
   4.70000  6.884000E-01
   4.70000  6.927000E-01
   4.71000  6.946000E-01
   4.71000  6.936000E-01
   4.72000  6.905000E-01
   4.72000  6.858000E-01
   4.73000  6.810000E-01
   4.73000  6.782000E-01
   4.73000  6.782000E-01
   4.74000  6.806000E-01
   4.74000  6.837000E-01
   4.75000  6.866000E-01
   4.75000  6.882000E-01
   4.76000  6.882000E-01
   4.76000  6.877000E-01
   4.76000  6.879000E-01
   4.77000  6.891000E-01
   4.77000  6.908000E-01
   4.78000  6.920000E-01
   4.78000  6.932000E-01
   4.79000  6.941000E-01
   4.79000  6.951000E-01
   4.80000  6.968000E-01
   4.80000  6.993000E-01
   4.80000  7.019000E-01
   4.81000  7.033000E-01
   4.81000  7.035000E-01
   4.82000  7.029000E-01
   4.82000  7.014000E-01
   4.83000  7.000000E-01
   4.83000  6.993000E-01
   4.84000  6.996000E-01
   4.84000  7.007000E-01
   4.85000  7.019000E-01
   4.85000  7.038000E-01
   4.85000  7.060000E-01
   4.86000  7.091000E-01
   4.86000  7.126000E-01
   4.87000  7.166000E-01
   4.87000  7.216000E-01
   4.88000  7.265000E-01
   4.88000  7.306000E-01
   4.89000  7.327000E-01
   4.89000  7.332000E-01
   4.90000  7.329000E-01
   4.90000  7.327000E-01
   4.90000  7.334000E-01
   4.91000  7.354000E-01
   4.91000  7.377000E-01
   4.92000  7.388000E-01
   4.92000  7.382000E-01
   4.93000  7.354000E-01
   4.93000  7.315000E-01
   4.94000  7.290000E-01
   4.94000  7.290000E-01
   4.95000  7.320000E-01
   4.95000  7.370000E-01
   4.96000  7.424000E-01
   4.96000  7.462000E-01
   4.97000  7.462000E-01
   4.97000  7.421000E-01
   4.98000  7.357000E-01
   4.98000  7.290000E-01
   4.98000  7.232000E-01
   4.99000  7.209000E-01
   4.99000  7.227000E-01
   5.00000  7.277000E-01
   5.00000  7.341000E-01
   5.01000  7.391000E-01
   5.01000  7.415000E-01
   5.02000  7.400000E-01
   5.02000  7.360000E-01
   5.03000  7.313000E-01
   5.03000  7.275000E-01
   5.04000  7.263000E-01
   5.04000  7.282000E-01
   5.05000  7.320000E-01
   5.05000  7.367000E-01
   5.06000  7.408000E-01
   5.06000  7.426000E-01
   5.07000  7.426000E-01
   5.07000  7.405000E-01
   5.08000  7.370000E-01
   5.08000  7.332000E-01
   5.09000  7.294000E-01
   5.09000  7.256000E-01
   5.10000  7.226000E-01
   5.10000  7.201000E-01
   5.11000  7.190000E-01
   5.11000  7.188000E-01
   5.12000  7.194000E-01
   5.12000  7.206000E-01
   5.13000  7.206000E-01
   5.13000  7.183000E-01
   5.14000  7.137000E-01
   5.14000  7.086000E-01
   5.15000  7.032000E-01
   5.15000  6.989000E-01
   5.16000  6.965000E-01
   5.16000  6.960000E-01
   5.17000  6.965000E-01
   5.17000  6.965000E-01
   5.18000  6.955000E-01
   5.18000  6.938000E-01
   5.19000  6.908000E-01
   5.19000  6.871000E-01
   5.20000  6.832000E-01
   5.20000  6.799000E-01
   5.21000  6.773000E-01
   5.22000  6.749000E-01
   5.22000  6.718000E-01
   5.23000  6.680000E-01
   5.23000  6.636000E-01
   5.24000  6.583000E-01
   5.24000  6.529000E-01
   5.25000  6.482000E-01
   5.25000  6.449000E-01
   5.26000  6.429000E-01
   5.26000  6.429000E-01
   5.27000  6.446000E-01
   5.27000  6.472000E-01
   5.28000  6.498000E-01
   5.28000  6.508000E-01
   5.29000  6.493000E-01
   5.30000  6.453000E-01
   5.30000  6.396000E-01
   5.31000  6.335000E-01
   5.31000  6.283000E-01
   5.32000  6.252000E-01
   5.32000  6.240000E-01
   5.33000  6.235000E-01
   5.33000  6.230000E-01
   5.34000  6.214000E-01
   5.34000  6.186000E-01
   5.35000  6.141000E-01
   5.36000  6.098000E-01
   5.36000  6.074000E-01
   5.37000  6.077000E-01
   5.37000  6.095000E-01
   5.38000  6.120000E-01
   5.38000  6.131000E-01
   5.39000  6.117000E-01
   5.39000  6.064000E-01
   5.40000  5.984000E-01
   5.41000  5.900000E-01
   5.41000  5.826000E-01
   5.42000  5.780000E-01
   5.42000  5.769000E-01
   5.43000  5.783000E-01
   5.43000  5.809000E-01
   5.44000  5.821000E-01
   5.45000  5.802000E-01
   5.45000  5.757000E-01
   5.46000  5.693000E-01
   5.46000  5.632000E-01
   5.47000  5.596000E-01
   5.47000  5.589000E-01
   5.48000  5.615000E-01
   5.49000  5.655000E-01
   5.49000  5.696000E-01
   5.50000  5.726000E-01
   5.50000  5.739000E-01
   5.51000  5.734000E-01
   5.52000  5.714000E-01
   5.52000  5.676000E-01
   5.53000  5.624000E-01
   5.53000  5.568000E-01
   5.54000  5.511000E-01
   5.54000  5.466000E-01
   5.55000  5.433000E-01
   5.56000  5.414000E-01
   5.56000  5.404000E-01
   5.57000  5.399000E-01
   5.57000  5.392000E-01
   5.58000  5.381000E-01
   5.59000  5.364000E-01
   5.59000  5.348000E-01
   5.60000  5.328000E-01
   5.60000  5.302000E-01
   5.61000  5.267000E-01
   5.62000  5.220000E-01
   5.62000  5.162000E-01
   5.63000  5.108000E-01
   5.63000  5.068000E-01
   5.64000  5.049000E-01
   5.65000  5.052000E-01
   5.65000  5.063000E-01
   5.66000  5.077000E-01
   5.67000  5.082000E-01
   5.67000  5.070000E-01
   5.68000  5.044000E-01
   5.68000  5.013000E-01
   5.69000  4.990000E-01
   5.70000  4.973000E-01
   5.70000  4.966000E-01
   5.71000  4.978000E-01
   5.72000  4.995000E-01
   5.72000  5.006000E-01
   5.73000  4.996000E-01
   5.73000  4.963000E-01
   5.74000  4.909000E-01
   5.75000  4.834000E-01
   5.75000  4.763000E-01
   5.76000  4.722000E-01
   5.77000  4.729000E-01
   5.77000  4.776000E-01
   5.78000  4.843000E-01
   5.79000  4.902000E-01
   5.79000  4.926000E-01
   5.80000  4.893000E-01
   5.81000  4.817000E-01
   5.81000  4.725000E-01
   5.82000  4.653000E-01
   5.82000  4.623000E-01
   5.83000  4.640000E-01
   5.84000  4.691000E-01
   5.84000  4.750000E-01
   5.85000  4.784000E-01
   5.86000  4.769000E-01
   5.86000  4.710000E-01
   5.87000  4.625000E-01
   5.88000  4.538000E-01
   5.88000  4.478000E-01
   5.89000  4.464000E-01
   5.90000  4.492000E-01
   5.90000  4.543000E-01
   5.91000  4.589000E-01
   5.92000  4.615000E-01
   5.92000  4.620000E-01
   5.93000  4.602000E-01
   5.94000  4.575000E-01
   5.95000  4.546000E-01
   5.95000  4.526000E-01
   5.96000  4.516000E-01
   5.97000  4.516000E-01
   5.97000  4.528000E-01
   5.98000  4.556000E-01
   5.99000  4.594000E-01
   5.99000  4.627000E-01
   6.00000  4.641000E-01
   6.01000  4.632000E-01
   6.01000  4.597000E-01
   6.02000  4.533000E-01
   6.03000  4.447000E-01
   6.04000  4.374000E-01
   6.04000  4.331000E-01
   6.05000  4.334000E-01
   6.06000  4.383000E-01
   6.06000  4.476000E-01
   6.07000  4.577000E-01
   6.08000  4.651000E-01
   6.08000  4.668000E-01
   6.09000  4.627000E-01
   6.10000  4.556000E-01
   6.11000  4.490000E-01
   6.11000  4.454000E-01
   6.12000  4.462000E-01
   6.13000  4.497000E-01
   6.14000  4.530000E-01
   6.14000  4.538000E-01
   6.15000  4.505000E-01
   6.16000  4.447000E-01
   6.16000  4.383000E-01
   6.17000  4.334000E-01
   6.18000  4.317000E-01
   6.19000  4.331000E-01
   6.19000  4.379000E-01
   6.20000  4.449000E-01
   6.21000  4.530000E-01
   6.22000  4.602000E-01
   6.22000  4.658000E-01
   6.23000  4.701000E-01
   6.24000  4.727000E-01
   6.25000  4.737000E-01
   6.25000  4.743000E-01
   6.26000  4.755000E-01
   6.27000  4.769000E-01
   6.28000  4.771000E-01
   6.28000  4.771000E-01
   6.29000  4.768000E-01
   6.30000  4.750000E-01
   6.31000  4.727000E-01
   6.31000  4.708000E-01
   6.32000  4.701000E-01
   6.33000  4.704000E-01
   6.34000  4.710000E-01
   6.35000  4.717000E-01
   6.35000  4.720000E-01
   6.36000  4.699000E-01
   6.37000  4.656000E-01
   6.38000  4.607000E-01
   6.38000  4.551000E-01
   6.39000  4.500000E-01
   6.40000  4.457000E-01
   6.41000  4.443000E-01
   6.42000  4.462000E-01
   6.42000  4.511000E-01
   6.43000  4.580000E-01
   6.44000  4.656000E-01
   6.45000  4.712000E-01
   6.46000  4.741000E-01
   6.46000  4.741000E-01
   6.47000  4.729000E-01
   6.48000  4.722000E-01
   6.49000  4.732000E-01
   6.50000  4.746000E-01
   6.50000  4.765000E-01
   6.51000  4.779000E-01
   6.52000  4.791000E-01
   6.53000  4.801000E-01
   6.54000  4.812000E-01
   6.55000  4.834000E-01
   6.55000  4.860000E-01
   6.56000  4.881000E-01
   6.57000  4.898000E-01
   6.58000  4.916000E-01
   6.59000  4.924000E-01
   6.60000  4.916000E-01
   6.60000  4.895000E-01
   6.61000  4.862000E-01
   6.62000  4.834000E-01
   6.63000  4.827000E-01
   6.64000  4.860000E-01
   6.65000  4.929000E-01
   6.65000  5.013000E-01
   6.66000  5.090000E-01
   6.67000  5.141000E-01
   6.68000  5.156000E-01
   6.69000  5.141000E-01
   6.70000  5.115000E-01
   6.71000  5.101000E-01
   6.72000  5.108000E-01
   6.72000  5.132000E-01
   6.73000  5.160000E-01
   6.74000  5.177000E-01
   6.75000  5.167000E-01
   6.76000  5.123000E-01
   6.77000  5.054000E-01
   6.78000  4.988000E-01
   6.79000  4.950000E-01
   6.79000  4.950000E-01
   6.80000  4.978000E-01
   6.81000  5.018000E-01
   6.82000  5.042000E-01
   6.83000  5.030000E-01
   6.84000  4.983000E-01
   6.85000  4.931000E-01
   6.86000  4.899000E-01
   6.87000  4.907000E-01
   6.88000  4.947000E-01
   6.88000  5.013000E-01
   6.89000  5.080000E-01
   6.90000  5.132000E-01
   6.91000  5.162000E-01
   6.92000  5.182000E-01
   6.93000  5.189000E-01
   6.94000  5.193000E-01
   6.95000  5.195000E-01
   6.96000  5.200000E-01
   6.97000  5.215000E-01
   6.98000  5.238000E-01
   6.99000  5.269000E-01
   7.00000  5.300000E-01
   7.01000  5.312000E-01
   7.02000  5.290000E-01
   7.02000  5.233000E-01
   7.03000  5.149000E-01
   7.04000  5.060000E-01
   7.05000  4.990000E-01
   7.06000  4.954000E-01
   7.07000  4.963000E-01
   7.08000  5.004000E-01
   7.09000  5.063000E-01
   7.10000  5.118000E-01
   7.11000  5.151000E-01
   7.12000  5.157000E-01
   7.13000  5.141000E-01
   7.14000  5.113000E-01
   7.15000  5.087000E-01
   7.16000  5.072000E-01
   7.17000  5.075000E-01
   7.18000  5.092000E-01
   7.19000  5.108000E-01
   7.20000  5.108000E-01
   7.21000  5.077000E-01
   7.22000  5.016000E-01
   7.23000  4.935000E-01
   7.24000  4.862000E-01
   7.25000  4.822000E-01
   7.26000  4.824000E-01
   7.27000  4.865000E-01
   7.28000  4.921000E-01
   7.29000  4.959000E-01
   7.30000  4.959000E-01
   7.31000  4.929000E-01
   7.32000  4.876000E-01
   7.33000  4.824000E-01
   7.34000  4.786000E-01
   7.35000  4.765000E-01
   7.36000  4.760000E-01
   7.37000  4.758000E-01
   7.38000  4.758000E-01
   7.40000  4.765000E-01
   7.41000  4.779000E-01
   7.42000  4.796000E-01
   7.43000  4.812000E-01
   7.44000  4.824000E-01
   7.45000  4.827000E-01
   7.46000  4.817000E-01
   7.47000  4.796000E-01
   7.48000  4.769000E-01
   7.49000  4.738000E-01
   7.50000  4.705000E-01
   7.51000  4.674000E-01
   7.52000  4.651000E-01
   7.54000  4.630000E-01
   7.55000  4.607000E-01
   7.56000  4.577000E-01
   7.57000  4.551000E-01
   7.58000  4.540000E-01
   7.59000  4.554000E-01
   7.60000  4.602000E-01
   7.61000  4.679000E-01
   7.62000  4.771000E-01
   7.63000  4.855000E-01
   7.65000  4.909000E-01
   7.66000  4.921000E-01
   7.67000  4.890000E-01
   7.68000  4.827000E-01
   7.69000  4.753000E-01
   7.70000  4.691000E-01
   7.71000  4.653000E-01
   7.73000  4.648000E-01
   7.74000  4.672000E-01
   7.75000  4.715000E-01
   7.76000  4.760000E-01
   7.77000  4.796000E-01
   7.78000  4.819000E-01
   7.80000  4.824000E-01
   7.81000  4.809000E-01
   7.82000  4.786000E-01
   7.83000  4.765000E-01
   7.84000  4.753000E-01
   7.85000  4.746000E-01
   7.87000  4.748000E-01
   7.88000  4.755000E-01
   7.89000  4.755000E-01
   7.90000  4.741000E-01
   7.91000  4.722000E-01
   7.93000  4.708000E-01
   7.94000  4.704000E-01
   7.95000  4.705000E-01
   7.96000  4.717000E-01
   7.98000  4.725000E-01
   7.99000  4.720000E-01
   8.00000  4.699000E-01
   8.01000  4.663000E-01
   8.03000  4.625000E-01
   8.04000  4.592000E-01
   8.05000  4.571000E-01
   8.06000  4.564000E-01
   8.08000  4.573000E-01
   8.09000  4.602000E-01
   8.10000  4.644000E-01
   8.11000  4.699000E-01
   8.13000  4.758000E-01
   8.14000  4.805000E-01
   8.15000  4.827000E-01
   8.16000  4.824000E-01
   8.18000  4.807000E-01
   8.19000  4.789000E-01
   8.20000  4.769000E-01
   8.22000  4.755000E-01
   8.23000  4.748000E-01
   8.24000  4.743000E-01
   8.26000  4.741000E-01
   8.27000  4.750000E-01
   8.28000  4.769000E-01
   8.29000  4.789000E-01
   8.31000  4.791000E-01
   8.32000  4.765000E-01
   8.33000  4.708000E-01
   8.35000  4.640000E-01
   8.36000  4.585000E-01
   8.38000  4.561000E-01
   8.39000  4.559000E-01
   8.40000  4.566000E-01
   8.42000  4.566000E-01
   8.43000  4.549000E-01
   8.44000  4.518000E-01
   8.46000  4.502000E-01
   8.47000  4.513000E-01
   8.48000  4.554000E-01
   8.50000  4.607000E-01
   8.51000  4.658000E-01
   8.53000  4.696000E-01
   8.54000  4.705000E-01
   8.55000  4.696000E-01
   8.57000  4.677000E-01
   8.58000  4.651000E-01
   8.60000  4.618000E-01
   8.61000  4.580000E-01
   8.63000  4.544000E-01
   8.64000  4.513000E-01
   8.65000  4.490000E-01
   8.67000  4.485000E-01
   8.68000  4.505000E-01
   8.70000  4.549000E-01
   8.71000  4.620000E-01
   8.73000  4.710000E-01
   8.74000  4.801000E-01
   8.76000  4.862000E-01
   8.77000  4.871000E-01
   8.79000  4.817000E-01
   8.80000  4.712000E-01
   8.82000  4.587000E-01
   8.83000  4.485000E-01
   8.85000  4.424000E-01
   8.86000  4.412000E-01
   8.88000  4.428000E-01
   8.89000  4.446000E-01
   8.91000  4.447000E-01
   8.92000  4.428000E-01
   8.94000  4.414000E-01
   8.95000  4.421000E-01
   8.97000  4.457000E-01
   8.98000  4.507000E-01
   9.00000  4.544000E-01
   9.02000  4.556000E-01
   9.03000  4.533000E-01
   9.05000  4.483000E-01
   9.06000  4.436000E-01
   9.08000  4.419000E-01
   9.10000  4.449000E-01
   9.11000  4.509000E-01
   9.13000  4.587000E-01
   9.14000  4.674000E-01
   9.16000  4.750000E-01
   9.18000  4.798000E-01
   9.19000  4.824000E-01
   9.21000  4.835000E-01
   9.22000  4.827000E-01
   9.24000  4.786000E-01
   9.26000  4.722000E-01
   9.27000  4.653000E-01
   9.29000  4.594000E-01
   9.31000  4.559000E-01
   9.32000  4.566000E-01
   9.34000  4.615000E-01
   9.36000  4.682000E-01
   9.37000  4.748000E-01
   9.39000  4.807000E-01
   9.41000  4.862000E-01
   9.43000  4.911000E-01
   9.44000  4.954000E-01
   9.46000  4.988000E-01
   9.48000  4.996000E-01
   9.49000  4.968000E-01
   9.51000  4.916000E-01
   9.53000  4.852000E-01
   9.55000  4.791000E-01
   9.56000  4.734000E-01
   9.58000  4.666000E-01
   9.60000  4.573000E-01
   9.62000  4.443000E-01
   9.64000  4.284000E-01
   9.65000  4.121000E-01
   9.67000  3.981000E-01
   9.69000  3.891000E-01
   9.71000  3.848000E-01
   9.73000  3.830000E-01
   9.74000  3.797000E-01
   9.76000  3.713000E-01
   9.78000  3.578000E-01
   9.80000  3.408000E-01
   9.82000  3.245000E-01
   9.84000  3.126000E-01
   9.86000  3.069000E-01
   9.87000  3.064000E-01
   9.89000  3.086000E-01
   9.91000  3.088000E-01
   9.93000  3.055000E-01
   9.95000  2.984000E-01
   9.97000  2.892000E-01
   9.99000  2.785000E-01
  10.01000  2.681000E-01
  10.03000  2.596000E-01
  10.05000  2.527000E-01
  10.07000  2.473000E-01
  10.09000  2.435000E-01
  10.11000  2.415000E-01
  10.13000  2.418000E-01
  10.15000  2.432000E-01
  10.17000  2.458000E-01
  10.18000  2.489000E-01
  10.21000  2.506000E-01
  10.23000  2.496000E-01
  10.25000  2.456000E-01
  10.27000  2.399000E-01
  10.29000  2.335000E-01
  10.31000  2.283000E-01
  10.33000  2.245000E-01
  10.35000  2.216000E-01
  10.37000  2.188000E-01
  10.39000  2.162000E-01
  10.41000  2.143000E-01
  10.43000  2.141000E-01
  10.45000  2.172000E-01
  10.47000  2.233000E-01
  10.49000  2.313000E-01
  10.52000  2.399000E-01
  10.54000  2.482000E-01
  10.56000  2.563000E-01
  10.58000  2.650000E-01
  10.60000  2.757000E-01
  10.62000  2.903000E-01
  10.65000  3.088000E-01
  10.67000  3.296000E-01
  10.69000  3.512000E-01
  10.71000  3.708000E-01
  10.73000  3.863000E-01
  10.76000  3.971000E-01
  10.78000  4.050000E-01
  10.80000  4.125000E-01
  10.82000  4.216000E-01
  10.85000  4.329000E-01
  10.87000  4.474000E-01
  10.89000  4.641000E-01
  10.91000  4.822000E-01
  10.94000  5.013000E-01
  10.96000  5.222000E-01
  10.98000  5.451000E-01
  11.01000  5.693000E-01
  11.03000  5.933000E-01
  11.05000  6.159000E-01
  11.08000  6.353000E-01
  11.10000  6.501000E-01
  11.12000  6.600000E-01
  11.15000  6.669000E-01
  11.17000  6.707000E-01
  11.20000  6.740000E-01
  11.22000  6.794000E-01
  11.25000  6.894000E-01
  11.27000  7.048000E-01
  11.29000  7.259000E-01
  11.32000  7.510000E-01
  11.34000  7.768000E-01
  11.37000  7.985000E-01
  11.39000  8.137000E-01
  11.42000  8.227000E-01
  11.44000  8.272000E-01
  11.47000  8.312000E-01
  11.49000  8.379000E-01
  11.52000  8.492000E-01
  11.55000  8.655000E-01
  11.57000  8.841000E-01
  11.60000  9.011000E-01
  11.62000  9.153000E-01
  11.65000  9.260000E-01
  11.68000  9.345000E-01
  11.70000  9.423000E-01
  11.73000  9.518000E-01
  11.76000  9.643000E-01
  11.78000  9.790000E-01
  11.81000  9.943000E-01
  11.84000  1.008800E+00
  11.86000  1.021400E+00
  11.89000  1.031600E+00
  11.92000  1.038900E+00
  11.95000  1.044100E+00
  11.97000  1.048200E+00
  12.00000  1.052400E+00
  12.03000  1.058600E+00
  12.06000  1.068600E+00
  12.08000  1.082500E+00
  12.11000  1.099100E+00
  12.14000  1.114900E+00
  12.17000  1.126300E+00
  12.20000  1.131700E+00
  12.23000  1.133000E+00
  12.26000  1.132700E+00
  12.28000  1.135300E+00
  12.31000  1.143300E+00
  12.34000  1.156300E+00
  12.37000  1.169600E+00
  12.40000  1.178800E+00
  12.43000  1.181800E+00
  12.46000  1.177700E+00
  12.49000  1.168500E+00
  12.52000  1.157100E+00
  12.55000  1.148600E+00
  12.58000  1.146000E+00
  12.61000  1.150200E+00
  12.64000  1.160600E+00
  12.68000  1.174600E+00
  12.71000  1.188200E+00
  12.74000  1.195900E+00
  12.77000  1.194100E+00
  12.80000  1.182400E+00
  12.83000  1.163500E+00
  12.86000  1.141700E+00
  12.90000  1.122800E+00
  12.93000  1.111600E+00
  12.96000  1.110200E+00
  12.99000  1.117300E+00
  13.03000  1.127700E+00
  13.06000  1.135300E+00
  13.09000  1.135600E+00
  13.12000  1.127200E+00
  13.16000  1.113300E+00
  13.19000  1.099500E+00
  13.22000  1.092400E+00
  13.26000  1.095200E+00
  13.29000  1.106400E+00
  13.33000  1.119700E+00
  13.36000  1.128400E+00
  13.40000  1.127900E+00
  13.43000  1.117100E+00
  13.47000  1.098800E+00
  13.50000  1.077500E+00
  13.54000  1.057900E+00
  13.57000  1.044400E+00
  13.61000  1.039600E+00
  13.64000  1.043900E+00
  13.68000  1.050000E+00
  13.71000  1.065600E+00
  13.75000  1.076100E+00
  13.79000  1.078700E+00
  13.82000  1.069900E+00
  13.86000  1.052400E+00
  13.90000  1.033700E+00
  13.94000  1.020000E+00
  13.97000  1.009600E+00
  14.01000  1.010000E+00
