         550
   0.30200  2.958200E+00
   0.30400  2.975900E+00
   0.30600  2.993500E+00
   0.30800  3.011200E+00
   0.31000  3.028800E+00
   0.31200  3.046500E+00
   0.31400  3.064100E+00
   0.31600  3.081800E+00
   0.31800  3.099400E+00
   0.32000  3.117100E+00
   0.32200  3.134700E+00
   0.32400  3.152300E+00
   0.32600  3.170000E+00
   0.32800  3.187700E+00
   0.33000  3.205300E+00
   0.33200  3.222900E+00
   0.33400  3.240600E+00
   0.33600  3.258200E+00
   0.33800  3.275900E+00
   0.34000  3.293500E+00
   0.34200  3.311200E+00
   0.34400  3.328800E+00
   0.34600  3.346500E+00
   0.34800  3.364100E+00
   0.35000  3.381800E+00
   0.35200  3.399400E+00
   0.35400  3.417100E+00
   0.35600  3.434700E+00
   0.35800  3.452400E+00
   0.36000  3.470000E+00
   0.36200  3.487600E+00
   0.36400  3.505300E+00
   0.36600  3.522900E+00
   0.36800  3.540600E+00
   0.37000  3.558200E+00
   0.37200  3.575900E+00
   0.37400  3.593500E+00
   0.37600  3.611200E+00
   0.37800  3.628800E+00
   0.38000  3.646500E+00
   0.38200  3.664100E+00
   0.38400  3.681800E+00
   0.38600  3.699400E+00
   0.38800  3.717100E+00
   0.39000  3.734700E+00
   0.39200  3.752400E+00
   0.39400  3.770000E+00
   0.39600  3.787600E+00
   0.39800  3.805300E+00
   0.40000  3.822900E+00
   0.40200  3.840600E+00
   0.40400  3.853300E+00
   0.40600  3.862000E+00
   0.40800  3.877300E+00
   0.41000  3.888700E+00
   0.41200  3.894500E+00
   0.41400  3.906400E+00
   0.41600  3.923300E+00
   0.41800  3.929800E+00
   0.42000  3.939700E+00
   0.42200  3.953000E+00
   0.42400  3.971400E+00
   0.42600  3.979400E+00
   0.42800  3.986400E+00
   0.43000  4.014000E+00
   0.43200  4.014300E+00
   0.43400  4.029000E+00
   0.43600  4.032100E+00
   0.43800  4.049500E+00
   0.44000  4.059700E+00
   0.44200  4.069800E+00
   0.44400  4.078600E+00
   0.44600  4.092600E+00
   0.44800  4.107200E+00
   0.45000  4.119400E+00
   0.45200  4.129400E+00
   0.45400  4.136200E+00
   0.45600  4.148700E+00
   0.45800  4.162900E+00
   0.46000  4.179000E+00
   0.46200  4.189000E+00
   0.46400  4.199600E+00
   0.46600  4.206300E+00
   0.46800  4.218500E+00
   0.47000  4.232700E+00
   0.47200  4.243500E+00
   0.47400  4.259700E+00
   0.47600  4.267400E+00
   0.47800  4.276800E+00
   0.48000  4.289400E+00
   0.48200  4.305500E+00
   0.48400  4.310000E+00
   0.48600  4.326800E+00
   0.48800  4.334800E+00
   0.49000  4.348500E+00
   0.49200  4.360500E+00
   0.49400  4.370600E+00
   0.49600  4.399000E+00
   0.49800  4.459500E+00
   0.50000  4.541200E+00
   0.50200  4.644400E+00
   0.50400  4.763400E+00
   0.50600  4.889300E+00
   0.50800  5.071900E+00
   0.51000  5.331400E+00
   0.51200  5.617500E+00
   0.51400  5.914200E+00
   0.51600  6.280400E+00
   0.51800  6.710000E+00
   0.52000  7.118300E+00
   0.52200  7.538600E+00
   0.52400  8.025600E+00
   0.52600  8.494900E+00
   0.52800  8.902300E+00
   0.53000  9.291400E+00
   0.53200  9.669600E+00
   0.53400  9.953500E+00
   0.53600  1.016900E+01
   0.53800  1.035300E+01
   0.54000  1.052800E+01
   0.54200  1.068000E+01
   0.54400  1.081100E+01
   0.54600  1.091200E+01
   0.54800  1.098000E+01
   0.55000  1.102200E+01
   0.55200  1.106400E+01
   0.55400  1.111000E+01
   0.55600  1.112300E+01
   0.55800  1.107600E+01
   0.56000  1.097500E+01
   0.56200  1.084300E+01
   0.56400  1.068200E+01
   0.56600  1.050700E+01
   0.56800  1.029000E+01
   0.57000  1.002400E+01
   0.57200  9.730200E+00
   0.57400  9.461400E+00
   0.57600  9.187100E+00
   0.57800  8.903000E+00
   0.58000  8.696300E+00
   0.58200  8.530600E+00
   0.58400  8.363600E+00
   0.58600  8.192200E+00
   0.58800  8.025700E+00
   0.59000  7.883300E+00
   0.59200  7.765000E+00
   0.59400  7.673200E+00
   0.59600  7.592900E+00
   0.59800  7.538500E+00
   0.60000  7.490100E+00
   0.60200  7.427300E+00
   0.60400  7.354300E+00
   0.60600  7.281500E+00
   0.60800  7.209200E+00
   0.61000  7.123500E+00
   0.61200  7.035100E+00
   0.61400  6.938000E+00
   0.61600  6.827600E+00
   0.61800  6.706800E+00
   0.62000  6.591700E+00
   0.62200  6.495000E+00
   0.62400  6.421600E+00
   0.62600  6.369800E+00
   0.62800  6.327600E+00
   0.63000  6.290400E+00
   0.63200  6.253800E+00
   0.63400  6.207500E+00
   0.63600  6.146000E+00
   0.63800  6.059200E+00
   0.64000  5.950000E+00
   0.64200  5.820200E+00
   0.64400  5.670500E+00
   0.64600  5.511700E+00
   0.64800  5.356000E+00
   0.65000  5.212000E+00
   0.65200  5.109500E+00
   0.65400  5.046000E+00
   0.65600  4.994500E+00
   0.65800  4.936700E+00
   0.66000  4.872000E+00
   0.66200  4.792700E+00
   0.66400  4.712000E+00
   0.66600  4.647400E+00
   0.66800  4.571000E+00
   0.67000  4.508000E+00
   0.67200  4.474000E+00
   0.67400  4.454800E+00
   0.67600  4.437000E+00
   0.67800  4.442500E+00
   0.68000  4.489000E+00
   0.68200  4.609300E+00
   0.68400  4.799000E+00
   0.68600  5.024200E+00
   0.68800  5.278200E+00
   0.69000  5.624400E+00
   0.69200  6.187200E+00
   0.69400  6.940400E+00
   0.69600  7.773600E+00
   0.69800  8.725300E+00
   0.70000  9.868200E+00
   0.70200  1.109900E+01
   0.70400  1.249000E+01
   0.70600  1.411300E+01
   0.70800  1.567400E+01
   0.71000  1.719700E+01
   0.71200  1.867500E+01
   0.71400  2.024300E+01
   0.71600  2.179300E+01
   0.71800  2.337600E+01
   0.72000  2.503600E+01
   0.72200  2.663200E+01
   0.72400  2.841700E+01
   0.72600  3.011900E+01
   0.72800  3.170900E+01
   0.73000  3.328300E+01
   0.73200  3.491400E+01
   0.73400  3.630400E+01
   0.73600  3.755000E+01
   0.73800  3.877400E+01
   0.74000  3.991400E+01
   0.74200  4.104600E+01
   0.74400  4.211900E+01
   0.74600  4.295400E+01
   0.74800  4.369500E+01
   0.75000  4.438500E+01
   0.75200  4.495800E+01
   0.75400  4.541900E+01
   0.75600  4.580200E+01
   0.75800  4.611100E+01
   0.76000  4.632300E+01
   0.76200  4.653000E+01
   0.76400  4.674800E+01
   0.76600  4.696600E+01
   0.76800  4.715100E+01
   0.77000  4.729100E+01
   0.77200  4.738700E+01
   0.77400  4.749300E+01
   0.77600  4.757300E+01
   0.77800  4.761000E+01
   0.78000  4.765200E+01
   0.78200  4.772300E+01
   0.78400  4.779800E+01
   0.78600  4.788000E+01
   0.78800  4.796000E+01
   0.79000  4.801600E+01
   0.79200  4.806700E+01
   0.79400  4.814700E+01
   0.79600  4.824500E+01
   0.79800  4.834700E+01
   0.80000  4.843200E+01
   0.82000  4.890900E+01
   0.84000  4.936600E+01
   0.86000  4.997400E+01
   0.88000  5.042000E+01
   0.90000  5.079000E+01
   0.92000  5.106100E+01
   0.94000  5.074400E+01
   0.96000  4.974200E+01
   0.98000  4.951600E+01
   1.00000  5.011500E+01
   1.02000  5.094500E+01
   1.04000  5.181300E+01
   1.06000  5.248700E+01
   1.08000  5.241100E+01
   1.10000  5.224300E+01
   1.12000  5.185900E+01
   1.14000  5.037200E+01
   1.16000  4.789600E+01
   1.18000  4.652400E+01
   1.20000  4.668800E+01
   1.22000  4.763500E+01
   1.24000  4.881200E+01
   1.26000  4.892200E+01
   1.28000  4.858100E+01
   1.30000  4.764000E+01
   1.32000  4.535900E+01
   1.34000  4.190000E+01
   1.36000  3.895500E+01
   1.38000  3.280100E+01
   1.40000  2.305500E+01
   1.42000  1.681400E+01
   1.44000  1.497500E+01
   1.46000  1.464800E+01
   1.48000  1.583200E+01
   1.50000  1.798000E+01
   1.52000  2.061700E+01
   1.54000  2.315000E+01
   1.56000  2.538100E+01
   1.58000  2.765500E+01
   1.60000  2.928500E+01
   1.62000  3.067400E+01
   1.64000  3.180800E+01
   1.66000  3.225700E+01
   1.68000  3.257900E+01
   1.70000  3.233200E+01
   1.72000  3.150100E+01
   1.74000  3.048000E+01
   1.76000  2.877400E+01
   1.78000  2.776800E+01
   1.80000  2.765000E+01
   1.82000  2.712700E+01
   1.84000  2.585300E+01
   1.86000  2.160500E+01
   1.88000  1.325800E+01
   1.90000  7.287900E+00
   1.92000  5.165800E+00
   1.94000  5.055400E+00
   1.96000  5.553900E+00
   1.98000  6.522400E+00
   2.00000  7.397200E+00
   2.02000  8.746900E+00
   2.04000  9.715200E+00
   2.06000  1.089800E+01
   2.08000  1.231500E+01
   2.10000  1.362400E+01
   2.12000  1.488100E+01
   2.14000  1.576000E+01
   2.16000  1.643100E+01
   2.18000  1.690200E+01
   2.20000  1.709000E+01
   2.22000  1.738700E+01
   2.24000  1.709100E+01
   2.26000  1.635600E+01
   2.28000  1.557200E+01
   2.30000  1.460900E+01
   2.32000  1.338900E+01
   2.34000  1.238200E+01
   2.36000  1.170400E+01
   2.38000  1.061800E+01
   2.40000  9.712500E+00
   2.42000  8.753000E+00
   2.44000  7.955500E+00
   2.46000  6.790700E+00
   2.48000  6.236000E+00
   2.50000  6.229700E+00
   2.52000  6.005900E+00
   2.54000  5.782100E+00
   2.56000  5.558300E+00
   2.58000  5.334500E+00
   2.60000  5.110700E+00
   2.62000  4.886900E+00
   2.64000  4.663100E+00
   2.66000  4.439300E+00
   2.68000  4.215500E+00
   2.70000  3.991700E+00
   2.72000  3.767900E+00
   2.74000  3.544100E+00
   2.76000  3.320300E+00
   2.78000  3.096500E+00
   2.80000  2.872700E+00
   2.82000  2.648900E+00
   2.84000  2.425100E+00
   2.86000  2.201300E+00
   2.88000  1.977500E+00
   2.90000  1.753700E+00
   2.92000  1.529900E+00
   2.94000  1.306100E+00
   2.96000  1.082300E+00
   2.98000  8.585000E-01
   3.00000  8.779000E-01
   3.02000  8.573000E-01
   3.04000  8.594000E-01
   3.06000  8.885000E-01
   3.08000  8.918000E-01
   3.10000  9.026000E-01
   3.12000  9.195000E-01
   3.14000  9.038000E-01
   3.16000  9.370000E-01
   3.18000  9.616000E-01
   3.20000  9.639000E-01
   3.22000  9.810000E-01
   3.24000  9.728000E-01
   3.26000  9.783000E-01
   3.28000  9.784000E-01
   3.30000  9.731000E-01
   3.32000  9.696000E-01
   3.34000  9.818000E-01
   3.36000  1.032900E+00
   3.38000  1.455700E+00
   3.40000  1.446100E+00
   3.42000  1.300800E+00
   3.44000  1.188000E+00
   3.46000  1.227400E+00
   3.48000  1.517700E+00
   3.50000  1.355300E+00
   3.52000  1.374500E+00
   3.54000  1.376700E+00
   3.56000  1.388700E+00
   3.58000  1.414900E+00
   3.60000  1.436500E+00
   3.62000  1.474200E+00
   3.64000  1.483400E+00
   3.66000  1.530500E+00
   3.68000  1.554600E+00
   3.70000  1.589800E+00
   3.72000  1.645600E+00
   3.74000  1.677400E+00
   3.76000  1.739000E+00
   3.78000  1.753000E+00
   3.80000  1.776600E+00
   3.82000  1.798900E+00
   3.84000  1.814000E+00
   3.86000  1.811700E+00
   3.88000  1.811400E+00
   3.90000  1.811300E+00
   3.92000  1.815000E+00
   3.94000  1.789600E+00
   3.96000  1.789300E+00
   3.98000  1.792600E+00
   4.00000  1.781500E+00
   4.02000  1.783100E+00
   4.04000  1.775700E+00
   4.06000  1.767400E+00
   4.08000  1.746700E+00
   4.10000  1.738200E+00
   4.12000  1.726300E+00
   4.14000  1.688100E+00
   4.16000  1.692300E+00
   4.18000  1.636700E+00
   4.20000  1.610000E+00
   4.22000  1.616100E+00
   4.24000  1.587800E+00
   4.26000  1.573500E+00
   4.28000  1.544600E+00
   4.30000  1.534300E+00
   4.32000  1.517800E+00
   4.34000  1.503900E+00
   4.36000  1.466300E+00
   4.38000  1.454300E+00
   4.40000  1.435300E+00
   4.42000  1.420400E+00
   4.44000  1.406200E+00
   4.46000  1.392900E+00
   4.48000  1.367400E+00
   4.50000  1.354700E+00
   4.52000  1.341500E+00
   4.54000  1.331900E+00
   4.56000  1.292000E+00
   4.58000  1.311100E+00
   4.60000  1.300900E+00
   4.62000  1.287400E+00
   4.64000  1.297200E+00
   4.66000  1.283000E+00
   4.68000  1.282300E+00
   4.70000  1.289900E+00
   4.72000  1.294300E+00
   4.74000  1.297800E+00
   4.76000  1.296800E+00
   4.78000  1.303200E+00
   4.80000  1.294300E+00
   4.82000  1.301000E+00
   4.84000  1.316700E+00
   4.86000  1.308500E+00
   4.88000  1.331500E+00
   4.90000  1.334400E+00
   4.92000  1.350400E+00
   4.94000  1.356700E+00
   4.96000  1.357200E+00
   4.98000  1.417400E+00
   5.00000  1.454600E+00
   5.10000  1.448800E+00
   5.20000  1.407700E+00
   5.30000  1.324800E+00
   5.40000  1.180300E+00
   5.50000  9.705000E-01
   5.60000  9.875000E-01
   5.70000  8.767000E-01
   5.80000  8.181000E-01
   5.90000  8.067000E-01
   6.00000  8.666000E-01
   6.10000  9.062000E-01
   6.20000  8.723000E-01
   6.30000  8.144000E-01
   6.40000  8.232000E-01
   6.50000  8.196000E-01
   6.60000  8.062000E-01
   6.70000  7.760000E-01
   6.80000  7.399000E-01
   6.90000  7.442000E-01
   7.00000  7.096000E-01
   7.10000  6.731000E-01
   7.20000  6.672000E-01
   7.30000  6.389000E-01
   7.40000  6.064000E-01
   7.50000  6.453000E-01
   7.60000  6.086000E-01
   7.70000  6.291000E-01
   7.80000  7.158000E-01
   7.90000  8.259000E-01
   8.00000  8.871000E-01
   8.10000  9.666000E-01
   8.20000  1.032900E+00
   8.30000  1.092000E+00
   8.40000  1.202300E+00
   8.50000  1.336000E+00
   8.60000  1.495900E+00
   8.70000  1.867200E+00
   8.80000  2.477800E+00
   8.90000  3.066600E+00
   9.00000  3.248400E+00
   9.10000  3.214100E+00
   9.20000  3.058700E+00
   9.30000  2.920300E+00
   9.40000  2.885000E+00
   9.50000  2.770700E+00
   9.60000  2.548900E+00
   9.70000  2.268400E+00
   9.80000  2.038900E+00
   9.90000  1.965100E+00
  10.00000  1.997400E+00
  10.10000  2.007900E+00
  10.20000  2.084300E+00
  10.30000  2.124900E+00
  10.40000  2.100200E+00
  10.50000  2.022800E+00
  10.60000  1.934500E+00
  10.70000  1.838500E+00
  10.80000  1.720300E+00
  10.90000  1.600900E+00
  11.00000  1.611000E+00
  11.10000  1.565300E+00
  11.20000  1.499300E+00
  11.30000  1.408300E+00
  11.40000  1.335700E+00
  11.50000  1.246700E+00
  11.60000  1.172100E+00
  11.70000  1.118200E+00
  11.80000  1.103100E+00
  11.90000  1.104800E+00
  12.00000  1.088300E+00
  12.10000  1.107600E+00
  12.20000  1.165000E+00
  12.30000  1.166400E+00
  12.40000  1.199700E+00
  12.50000  1.181700E+00
  12.60000  1.182600E+00
  12.70000  1.165100E+00
  12.80000  1.144300E+00
  12.90000  1.135100E+00
  13.00000  1.073000E+00
  13.10000  1.092000E+00
  13.20000  1.087200E+00
  13.30000  1.080500E+00
  13.40000  1.092300E+00
  13.50000  1.134700E+00
  13.60000  1.136900E+00
  13.70000  1.114300E+00
  13.80000  1.136000E+00
  13.90000  1.113600E+00
  14.00000  1.044800E+00
