        2868
   0.40000  2.106700E+00
   0.40100  2.549700E+00
   0.40200  2.104200E+00
   0.40300  2.285300E+00
   0.40400  2.549000E+00
   0.40500  2.455600E+00
   0.40600  2.454900E+00
   0.40700  2.453300E+00
   0.40800  2.716500E+00
   0.40900  2.846800E+00
   0.41000  2.842600E+00
   0.41100  3.187400E+00
   0.41200  3.055700E+00
   0.41300  3.360900E+00
   0.41400  3.360900E+00
   0.41500  3.235800E+00
   0.41600  3.250600E+00
   0.41700  3.428900E+00
   0.41800  3.428900E+00
   0.41900  3.345500E+00
   0.42000  3.360800E+00
   0.42100  3.230500E+00
   0.42200  3.714500E+00
   0.42300  3.339700E+00
   0.42400  3.933200E+00
   0.42500  3.951200E+00
   0.42600  4.121600E+00
   0.42700  4.245400E+00
   0.42800  4.407800E+00
   0.42900  4.228100E+00
   0.43000  4.236800E+00
   0.43100  4.423300E+00
   0.43200  4.542900E+00
   0.43300  4.392300E+00
   0.43400  4.696500E+00
   0.43500  4.571700E+00
   0.43600  4.706800E+00
   0.43700  4.717000E+00
   0.43800  4.777000E+00
   0.43900  4.876600E+00
   0.44000  5.083400E+00
   0.44100  5.223000E+00
   0.44200  5.321300E+00
   0.44300  5.313000E+00
   0.44400  5.300600E+00
   0.44500  5.731900E+00
   0.44600  5.722900E+00
   0.44700  5.709300E+00
   0.44800  5.470900E+00
   0.44900  5.687200E+00
   0.45000  5.505900E+00
   0.45100  5.664200E+00
   0.45200  5.806800E+00
   0.45300  5.773300E+00
   0.45400  6.042900E+00
   0.45500  6.047800E+00
   0.45600  5.627500E+00
   0.45700  6.152200E+00
   0.45800  6.084500E+00
   0.45900  5.954500E+00
   0.46000  6.098700E+00
   0.46100  6.276200E+00
   0.46200  6.208200E+00
   0.46300  6.401700E+00
   0.46400  6.538500E+00
   0.46500  6.373600E+00
   0.46600  6.368000E+00
   0.46700  6.481600E+00
   0.46800  6.521100E+00
   0.46900  6.413000E+00
   0.47000  6.698800E+00
   0.47100  6.870400E+00
   0.47200  6.858100E+00
   0.47300  6.669100E+00
   0.47400  6.839700E+00
   0.47500  6.858100E+00
   0.47600  6.845800E+00
   0.47700  7.415100E+00
   0.47800  7.088300E+00
   0.47900  7.408400E+00
   0.48000  7.069500E+00
   0.48100  7.107200E+00
   0.48200  7.538600E+00
   0.48300  7.401700E+00
   0.48400  7.659200E+00
   0.48500  7.484600E+00
   0.48600  7.471100E+00
   0.48700  7.620900E+00
   0.48800  7.645300E+00
   0.48900  7.753800E+00
   0.49000  7.753800E+00
   0.49100  7.746800E+00
   0.49200  7.918400E+00
   0.49300  7.939800E+00
   0.49400  8.091300E+00
   0.49500  8.040800E+00
   0.49600  8.292500E+00
   0.49700  8.619700E+00
   0.49800  8.452400E+00
   0.49900  8.193700E+00
   0.50000  8.482700E+00
   0.50100  8.780500E+00
   0.50200  8.589400E+00
   0.50300  8.718800E+00
   0.50400  8.551300E+00
   0.50500  8.521000E+00
   0.50600  8.490800E+00
   0.50700  8.791800E+00
   0.50800  8.823100E+00
   0.50900  8.848200E+00
   0.51000  8.832700E+00
   0.51100  9.051500E+00
   0.51200  9.289200E+00
   0.51300  9.196400E+00
   0.51400  9.362800E+00
   0.51500  9.330000E+00
   0.51600  9.245000E+00
   0.51700  9.554100E+00
   0.51800  9.724500E+00
   0.51900  9.716000E+00
   0.52000  9.570700E+00
   0.52100  9.749800E+00
   0.52200  9.982000E+00
   0.52300  9.947700E+00
   0.52400  9.930600E+00
   0.52500  1.026860E+01
   0.52600  9.922100E+00
   0.52700  1.004160E+01
   0.52800  1.015240E+01
   0.52900  9.998800E+00
   0.53000  1.018710E+01
   0.53100  1.049800E+01
   0.53200  1.045270E+01
   0.53300  1.058950E+01
   0.53400  1.031540E+01
   0.53500  1.032420E+01
   0.53600  1.066290E+01
   0.53700  1.104280E+01
   0.53800  1.073640E+01
   0.53900  1.070930E+01
   0.54000  1.083760E+01
   0.54100  1.118620E+01
   0.54200  1.089270E+01
   0.54300  1.089270E+01
   0.54400  1.132740E+01
   0.54500  1.160200E+01
   0.54600  1.137550E+01
   0.54700  1.132740E+01
   0.54800  1.155600E+01
   0.54900  1.166560E+01
   0.55000  1.179450E+01
   0.55100  1.193390E+01
   0.55200  1.199300E+01
   0.55300  1.195400E+01
   0.55400  1.206140E+01
   0.55500  1.202230E+01
   0.55600  1.197380E+01
   0.55700  1.202230E+01
   0.55800  1.205160E+01
   0.55900  1.240940E+01
   0.56000  1.283330E+01
   0.56100  1.306740E+01
   0.56200  1.286660E+01
   0.56300  1.300180E+01
   0.56400  1.307650E+01
   0.56500  1.281460E+01
   0.56600  1.306020E+01
   0.56700  1.319920E+01
   0.56800  1.349170E+01
   0.56900  1.361990E+01
   0.57000  1.368730E+01
   0.57100  1.397900E+01
   0.57200  1.385800E+01
   0.57300  1.402940E+01
   0.57400  1.419250E+01
   0.57500  1.401050E+01
   0.57600  1.405730E+01
   0.57700  1.434650E+01
   0.57800  1.451070E+01
   0.57900  1.433450E+01
   0.58000  1.443130E+01
   0.58100  1.453970E+01
   0.58200  1.472060E+01
   0.58300  1.470840E+01
   0.58400  1.488020E+01
   0.58500  1.480620E+01
   0.58600  1.486550E+01
   0.58700  1.490900E+01
   0.58800  1.486780E+01
   0.58900  1.489010E+01
   0.59000  1.494230E+01
   0.59100  1.500150E+01
   0.59200  1.523110E+01
   0.59300  1.549930E+01
   0.59400  1.547350E+01
   0.59500  1.558550E+01
   0.59600  1.544060E+01
   0.59700  1.519650E+01
   0.59800  1.525850E+01
   0.59900  1.560320E+01
   0.60000  1.558300E+01
   0.60100  1.544610E+01
   0.60200  1.551360E+01
   0.60300  1.555590E+01
   0.60400  1.551890E+01
   0.60500  1.563360E+01
   0.60600  1.572400E+01
   0.60700  1.579150E+01
   0.60800  1.577910E+01
   0.60900  1.594160E+01
   0.61000  1.575440E+01
   0.61100  1.584440E+01
   0.61200  1.618380E+01
   0.61300  1.611990E+01
   0.61400  1.612220E+01
   0.61500  1.613490E+01
   0.61600  1.641680E+01
   0.61700  1.645550E+01
   0.61800  1.679130E+01
   0.61900  1.680450E+01
   0.62000  1.696020E+01
   0.62100  1.698680E+01
   0.62200  1.707600E+01
   0.62300  1.732820E+01
   0.62400  1.719580E+01
   0.62500  1.716800E+01
   0.62600  1.693940E+01
   0.62700  1.704490E+01
   0.62800  1.675490E+01
   0.62900  1.681950E+01
   0.63000  1.736860E+01
   0.63100  1.716800E+01
   0.63200  1.753660E+01
   0.63300  1.740930E+01
   0.63400  1.748290E+01
   0.63500  1.757710E+01
   0.63600  1.759070E+01
   0.63700  1.742930E+01
   0.63800  1.750970E+01
   0.63900  1.798730E+01
   0.64000  1.807050E+01
   0.64100  1.836920E+01
   0.64200  1.822880E+01
   0.64300  1.827070E+01
   0.64400  1.845510E+01
   0.64500  1.842680E+01
   0.64600  1.841270E+01
   0.64700  1.881090E+01
   0.64800  1.854120E+01
   0.64900  1.879540E+01
   0.65000  1.896570E+01
   0.65100  1.889570E+01
   0.65200  1.896780E+01
   0.65300  1.888130E+01
   0.65400  1.886690E+01
   0.65500  1.912520E+01
   0.65600  1.898120E+01
   0.65700  1.962960E+01
   0.65800  1.978880E+01
   0.65900  1.935270E+01
   0.66000  1.940830E+01
   0.66100  1.954940E+01
   0.66200  1.940220E+01
   0.66300  1.937300E+01
   0.66400  1.910670E+01
   0.66500  1.958760E+01
   0.66600  1.967510E+01
   0.66700  1.970450E+01
   0.66800  1.974860E+01
   0.66900  1.998960E+01
   0.67000  1.982700E+01
   0.67100  1.988590E+01
   0.67200  2.013250E+01
   0.67300  2.024540E+01
   0.67400  2.017040E+01
   0.67500  2.049530E+01
   0.67600  1.996880E+01
   0.67700  2.030500E+01
   0.67800  2.046190E+01
   0.67900  2.082310E+01
   0.68000  2.105050E+01
   0.68100  2.082930E+01
   0.68200  2.099330E+01
   0.68300  2.125260E+01
   0.68400  2.098530E+01
   0.68500  2.086250E+01
   0.68600  2.093910E+01
   0.68700  2.101620E+01
   0.68800  2.095450E+01
   0.68900  2.116180E+01
   0.69000  2.135080E+01
   0.69100  2.150930E+01
   0.69200  2.150930E+01
   0.69300  2.157050E+01
   0.69400  2.181140E+01
   0.69500  2.192370E+01
   0.69600  2.190670E+01
   0.69700  2.203550E+01
   0.69800  2.208590E+01
   0.69900  2.283050E+01
   0.70000  2.212060E+01
   0.70100  2.220000E+01
   0.70200  2.223190E+01
   0.70300  2.232490E+01
   0.70400  2.220050E+01
   0.70500  2.224620E+01
   0.70600  2.236970E+01
   0.70700  2.238570E+01
   0.70800  2.229000E+01
   0.70900  2.266260E+01
   0.71000  2.263040E+01
   0.71100  2.247650E+01
   0.71200  2.280290E+01
   0.71300  2.280290E+01
   0.71400  2.289460E+01
   0.71500  2.287840E+01
   0.71600  2.302130E+01
   0.71700  2.314280E+01
   0.71800  2.345740E+01
   0.71900  2.361530E+01
   0.72000  2.358180E+01
   0.72100  2.337760E+01
   0.72200  2.322070E+01
   0.72300  2.327920E+01
   0.72400  2.326280E+01
   0.72500  2.358420E+01
   0.72600  2.379310E+01
   0.72700  2.391620E+01
   0.72800  2.398330E+01
   0.72900  2.401700E+01
   0.73000  2.420850E+01
   0.73100  2.405510E+01
   0.73200  2.423500E+01
   0.73300  2.430280E+01
   0.73400  2.425710E+01
   0.73500  2.434160E+01
   0.73600  2.440970E+01
   0.73700  2.446090E+01
   0.73800  2.475610E+01
   0.73900  2.464010E+01
   0.74000  2.478100E+01
   0.74100  2.499380E+01
   0.74200  2.494180E+01
   0.74300  2.483820E+01
   0.74400  2.490720E+01
   0.74500  2.485790E+01
   0.74600  2.494600E+01
   0.74700  2.498040E+01
   0.74800  2.472840E+01
   0.74900  2.490150E+01
   0.75000  2.537250E+01
   0.75100  2.550580E+01
   0.75200  2.540040E+01
   0.75300  2.529570E+01
   0.75400  2.519780E+01
   0.75500  2.560050E+01
   0.75600  2.561810E+01
   0.75700  2.565310E+01
   0.75800  2.536190E+01
   0.75900  2.542550E+01
   0.76000  2.547820E+01
   0.76100  2.582700E+01
   0.76200  2.612450E+01
   0.76300  2.603770E+01
   0.76400  2.624500E+01
   0.76500  2.610890E+01
   0.76600  2.601020E+01
   0.76700  2.604420E+01
   0.76800  2.603380E+01
   0.76900  2.622890E+01
   0.77000  2.637240E+01
   0.77100  2.635440E+01
   0.77200  2.670440E+01
   0.77300  2.679060E+01
   0.77400  2.668150E+01
   0.77500  2.647880E+01
   0.77600  2.662730E+01
   0.77700  2.652910E+01
   0.77800  2.657910E+01
   0.77900  2.652570E+01
   0.78000  2.667690E+01
   0.78100  2.699890E+01
   0.78200  2.666860E+01
   0.78300  2.645790E+01
   0.78400  2.679480E+01
   0.78500  2.718570E+01
   0.78600  2.723460E+01
   0.78700  2.725300E+01
   0.78800  2.726500E+01
   0.78900  2.727680E+01
   0.79000  2.711280E+01
   0.79100  2.742080E+01
   0.79200  2.735020E+01
   0.79300  2.732020E+01
   0.79400  2.708900E+01
   0.79500  2.733180E+01
   0.79600  2.769740E+01
   0.79700  2.761410E+01
   0.79800  2.753500E+01
   0.79900  2.753140E+01
   0.80000  2.802680E+01
   0.80400  2.813090E+01
   0.80800  2.814850E+01
   0.81200  2.854310E+01
   0.81600  2.865140E+01
   0.82000  2.865930E+01
   0.82400  2.876420E+01
   0.82800  2.893730E+01
   0.83200  2.904170E+01
   0.83600  2.943410E+01
   0.84000  2.949490E+01
   0.84400  2.987960E+01
   0.84800  2.972110E+01
   0.85200  2.994710E+01
   0.85600  2.978210E+01
   0.86000  2.998880E+01
   0.86400  3.012930E+01
   0.86800  3.029880E+01
   0.87200  3.034530E+01
   0.87600  3.078900E+01
   0.88000  3.087910E+01
   0.88400  3.121910E+01
   0.88800  3.134440E+01
   0.89200  3.122780E+01
   0.89600  3.125620E+01
   0.90000  3.157080E+01
   0.90400  3.181190E+01
   0.90800  3.198690E+01
   0.91200  3.185410E+01
   0.91600  3.207040E+01
   0.92000  3.240410E+01
   0.92400  3.248180E+01
   0.92800  3.266000E+01
   0.93200  3.305070E+01
   0.93600  3.306930E+01
   0.94000  3.310820E+01
   0.94400  3.312820E+01
   0.94800  3.357870E+01
   0.95200  3.361710E+01
   0.95600  3.387170E+01
   0.96000  3.381210E+01
   0.96400  3.398660E+01
   0.96800  3.418080E+01
   0.97200  3.421790E+01
   0.97600  3.448770E+01
   0.98000  3.456400E+01
   0.98400  3.468030E+01
   0.98800  3.477170E+01
   0.99200  3.488570E+01
   0.99600  3.522100E+01
   1.00000  3.511930E+01
   1.00400  3.559020E+01
   1.00800  3.580200E+01
   1.01200  3.589740E+01
   1.01600  3.616210E+01
   1.02000  3.621520E+01
   1.02400  3.602540E+01
   1.02800  3.600760E+01
   1.03200  3.605150E+01
   1.03600  3.640550E+01
   1.04000  3.677070E+01
   1.04400  3.749350E+01
   1.04800  3.685730E+01
   1.05200  3.666690E+01
   1.05600  3.672870E+01
   1.06000  3.717030E+01
   1.06400  3.731370E+01
   1.06800  3.726830E+01
   1.07200  3.703960E+01
   1.07600  3.739260E+01
   1.08000  3.742710E+01
   1.08400  3.766130E+01
   1.08800  3.799760E+01
   1.09200  3.831390E+01
   1.09600  3.837960E+01
   1.10000  3.806340E+01
   1.10400  3.812330E+01
   1.10800  3.822020E+01
   1.11200  3.842480E+01
   1.11600  3.878230E+01
   1.12000  3.835030E+01
   1.12400  3.816660E+01
   1.12800  3.850310E+01
   1.13200  3.869460E+01
   1.13600  3.900920E+01
   1.14000  3.907550E+01
   1.14400  3.878230E+01
   1.14800  3.952300E+01
   1.15200  3.963930E+01
   1.15600  3.984260E+01
   1.16000  3.984310E+01
   1.16400  3.983090E+01
   1.16800  3.990990E+01
   1.17200  3.995420E+01
   1.17600  4.002090E+01
   1.18000  4.006540E+01
   1.18400  4.023380E+01
   1.18800  4.047880E+01
   1.19200  4.036910E+01
   1.19600  4.074940E+01
   1.20000  4.077230E+01
   1.20400  4.104510E+01
   1.20800  4.088400E+01
   1.21200  4.113050E+01
   1.21600  4.124620E+01
   1.22000  4.079510E+01
   1.22400  4.007930E+01
   1.22800  4.050900E+01
   1.23200  4.096390E+01
   1.23600  4.109560E+01
   1.24000  4.116120E+01
   1.24400  4.122670E+01
   1.24800  4.122220E+01
   1.25200  4.124100E+01
   1.25600  4.137080E+01
   1.26000  4.110230E+01
   1.26400  4.126420E+01
   1.26800  4.203090E+01
   1.27200  4.220760E+01
   1.27600  4.222740E+01
   1.28000  4.242400E+01
   1.28400  4.242380E+01
   1.28800  4.227490E+01
   1.29200  4.236880E+01
   1.29600  4.233770E+01
   1.30000  4.221420E+01
   1.30400  4.227610E+01
   1.30800  4.250080E+01
   1.31200  4.240780E+01
   1.31600  4.241450E+01
   1.32000  4.242180E+01
   1.32400  4.248320E+01
   1.32800  4.262130E+01
   1.33200  4.290580E+01
   1.33600  4.312070E+01
   1.34000  4.321820E+01
   1.34400  4.329180E+01
   1.34800  4.301330E+01
   1.35200  4.269950E+01
   1.35600  4.217400E+01
   1.36000  4.286650E+01
   1.36400  4.288100E+01
   1.36800  4.275450E+01
   1.37200  4.257680E+01
   1.37600  4.226190E+01
   1.38000  4.201050E+01
   1.38400  4.165530E+01
   1.38800  4.144900E+01
   1.39200  4.134510E+01
   1.39600  4.096130E+01
   1.40000  4.083950E+01
   1.40400  4.044850E+01
   1.40800  4.060820E+01
   1.41200  4.107880E+01
   1.41600  4.154750E+01
   1.42000  4.174800E+01
   1.42400  4.167130E+01
   1.42800  4.200060E+01
   1.43200  4.213120E+01
   1.43600  4.220060E+01
   1.44000  4.228520E+01
   1.44400  4.236130E+01
   1.44800  4.269590E+01
   1.45200  4.254960E+01
   1.45600  4.280920E+01
   1.46000  4.267020E+01
   1.46400  4.283240E+01
   1.46800  4.289260E+01
   1.47200  4.299930E+01
   1.47600  4.315990E+01
   1.48000  4.324310E+01
   1.48400  4.317610E+01
   1.48800  4.340830E+01
   1.49200  4.330440E+01
   1.49600  4.338350E+01
   1.50000  4.320690E+01
   1.50400  4.328710E+01
   1.50800  4.352310E+01
   1.51200  4.383380E+01
   1.51600  4.435170E+01
   1.52000  4.425630E+01
   1.52400  4.416130E+01
   1.52800  4.420880E+01
   1.53200  4.421150E+01
   1.53600  4.435890E+01
   1.54000  4.498680E+01
   1.54400  4.472190E+01
   1.54800  4.444990E+01
   1.55200  4.424010E+01
   1.55600  4.449740E+01
   1.56000  4.435860E+01
   1.56400  4.433480E+01
   1.56800  4.445380E+01
   1.57200  4.484190E+01
   1.57600  4.514990E+01
   1.58000  4.525560E+01
   1.58400  4.515850E+01
   1.58800  4.486040E+01
   1.59200  4.471690E+01
   1.59600  4.510340E+01
   1.60000  4.532370E+01
   1.60400  4.536340E+01
   1.60800  4.565270E+01
   1.61200  4.578170E+01
   1.61600  4.536990E+01
   1.62000  4.566680E+01
   1.62400  4.550700E+01
   1.62800  4.541940E+01
   1.63200  4.551660E+01
   1.63600  4.524920E+01
   1.64000  4.563570E+01
   1.64400  4.577210E+01
   1.64800  4.583730E+01
   1.65200  4.549040E+01
   1.65600  4.572240E+01
   1.66000  4.540200E+01
   1.66400  4.566680E+01
   1.66800  4.555420E+01
   1.67200  4.581800E+01
   1.67600  4.551370E+01
   1.68000  4.572130E+01
   1.68400  4.583970E+01
   1.68800  4.546570E+01
   1.69200  4.593690E+01
   1.69600  4.581550E+01
   1.70000  4.558450E+01
   1.70400  4.558450E+01
   1.70800  4.591900E+01
   1.71200  4.583970E+01
   1.71600  4.560100E+01
   1.72000  4.567380E+01
   1.72400  4.576410E+01
   1.72800  4.557830E+01
   1.73200  4.564960E+01
   1.73600  4.565660E+01
   1.74000  4.602020E+01
   1.74400  4.560100E+01
   1.74800  4.562500E+01
   1.75200  4.556180E+01
   1.75600  4.547410E+01
   1.76000  4.571540E+01
   1.76400  4.574660E+01
   1.76800  4.553780E+01
   1.77200  4.572920E+01
   1.77600  4.604070E+01
   1.78000  4.600850E+01
   1.78400  4.614300E+01
   1.78800  4.664390E+01
   1.79200  4.641780E+01
   1.79600  4.622280E+01
   1.80000  4.616840E+01
   1.80400  4.616840E+01
   1.80800  4.605270E+01
   1.81200  4.626570E+01
   1.81600  4.639330E+01
   1.82000  4.635010E+01
   1.82400  4.617440E+01
   1.82800  4.574290E+01
   1.83200  4.567710E+01
   1.83600  4.603260E+01
   1.84000  4.604490E+01
   1.84400  4.623650E+01
   1.84800  4.630880E+01
   1.85200  4.559950E+01
   1.85600  4.596880E+01
   1.86000  4.552890E+01
   1.86400  4.527510E+01
   1.86800  4.491940E+01
   1.87200  4.426030E+01
   1.87600  4.367490E+01
   1.88000  4.249490E+01
   1.88400  4.157120E+01
   1.88800  4.017890E+01
   1.89200  3.920240E+01
   1.89600  3.771650E+01
   1.90000  3.703640E+01
   1.90400  3.674280E+01
   1.90800  3.655320E+01
   1.91200  3.672770E+01
   1.91600  3.693710E+01
   1.92000  3.724980E+01
   1.92400  3.776970E+01
   1.92800  3.823400E+01
   1.93200  3.842360E+01
   1.93600  3.863290E+01
   1.94000  3.898560E+01
   1.94400  3.910430E+01
   1.94800  3.947890E+01
   1.95200  3.951560E+01
   1.95600  3.959540E+01
   1.96000  3.990340E+01
   1.96400  4.013950E+01
   1.96800  4.025670E+01
   1.97200  4.041350E+01
   1.97600  4.059500E+01
   1.98000  4.088300E+01
   1.98400  4.129050E+01
   1.98800  4.173860E+01
   1.99200  4.181520E+01
   1.99600  4.256420E+01
   2.00000  4.253270E+01
   2.00400  4.241350E+01
   2.00800  4.251280E+01
   2.01200  4.271410E+01
   2.01600  4.307340E+01
   2.02000  4.334140E+01
   2.02400  4.361980E+01
   2.02800  4.373030E+01
   2.03200  4.371820E+01
   2.03600  4.327640E+01
   2.04000  4.362890E+01
   2.04400  4.372850E+01
   2.04800  4.348330E+01
   2.05200  4.371470E+01
   2.05600  4.392500E+01
   2.06000  4.386800E+01
   2.06400  4.393480E+01
   2.06800  4.421860E+01
   2.07200  4.412920E+01
   2.07600  4.386870E+01
   2.07950  4.389070E+01
   2.08030  4.393220E+01
   2.08120  4.399820E+01
   2.08200  4.399680E+01
   2.08280  4.401480E+01
   2.08370  4.401810E+01
   2.08450  4.401250E+01
   2.08530  4.400890E+01
   2.08620  4.400110E+01
   2.08700  4.399490E+01
   2.08790  4.399190E+01
   2.08870  4.399350E+01
   2.08950  4.400160E+01
   2.09040  4.401580E+01
   2.09120  4.403350E+01
   2.09210  4.405180E+01
   2.09290  4.406550E+01
   2.09380  4.407280E+01
   2.09460  4.407450E+01
   2.09550  4.407360E+01
   2.09630  4.407430E+01
   2.09710  4.407970E+01
   2.09800  4.408990E+01
   2.09880  4.410200E+01
   2.09970  4.411140E+01
   2.10050  4.411480E+01
   2.10140  4.411240E+01
   2.10230  4.410690E+01
   2.10310  4.410200E+01
   2.10400  4.410080E+01
   2.10480  4.410340E+01
   2.10570  4.410840E+01
   2.10650  4.411360E+01
   2.10740  4.411740E+01
   2.10820  4.412020E+01
   2.10910  4.412210E+01
   2.11000  4.412350E+01
   2.11080  4.412280E+01
   2.11170  4.411900E+01
   2.11250  4.411140E+01
   2.11340  4.410240E+01
   2.11430  4.409580E+01
   2.11510  4.409530E+01
   2.11600  4.410320E+01
   2.11680  4.411850E+01
   2.11770  4.413770E+01
   2.11860  4.415620E+01
   2.11940  4.417040E+01
   2.12030  4.418010E+01
   2.12120  4.418650E+01
   2.12200  4.419170E+01
   2.12290  4.419720E+01
   2.12380  4.420310E+01
   2.12470  4.420810E+01
   2.12550  4.421000E+01
   2.12640  4.420760E+01
   2.12730  4.420120E+01
   2.12810  4.419200E+01
   2.12900  4.418200E+01
   2.12990  4.417350E+01
   2.13080  4.416780E+01
   2.13160  4.416540E+01
   2.13250  4.416520E+01
   2.13340  4.416430E+01
   2.13430  4.415950E+01
   2.13520  4.414890E+01
   2.13600  4.413130E+01
   2.13690  4.410880E+01
   2.13780  4.408440E+01
   2.13870  4.406270E+01
   2.13960  4.404660E+01
   2.14040  4.403710E+01
   2.14130  4.403230E+01
   2.14220  4.402950E+01
   2.14310  4.402430E+01
   2.14400  4.401390E+01
   2.14490  4.399590E+01
   2.14580  4.397010E+01
   2.14660  4.393740E+01
   2.14750  4.389900E+01
   2.14840  4.385800E+01
   2.14930  4.381780E+01
   2.15020  4.378110E+01
   2.15110  4.375030E+01
   2.15200  4.372520E+01
   2.15290  4.370440E+01
   2.15380  4.368400E+01
   2.15470  4.366050E+01
   2.15560  4.363170E+01
   2.15650  4.359800E+01
   2.15740  4.356060E+01
   2.15830  4.352250E+01
   2.15920  4.348480E+01
   2.16010  4.344790E+01
   2.16100  4.341050E+01
   2.16190  4.337190E+01
   2.16280  4.333230E+01
   2.16370  4.329320E+01
   2.16460  4.325680E+01
   2.16550  4.322460E+01
   2.16640  4.319710E+01
   2.16730  4.317200E+01
   2.16820  4.314690E+01
   2.16910  4.311940E+01
   2.17000  4.308930E+01
   2.17090  4.305740E+01
   2.17180  4.302470E+01
   2.17270  4.299180E+01
   2.17360  4.295720E+01
   2.17460  4.291860E+01
   2.17550  4.287380E+01
   2.17640  4.282220E+01
   2.17730  4.276560E+01
   2.17820  4.270670E+01
   2.17910  4.264840E+01
   2.18000  4.259180E+01
   2.18100  4.253610E+01
   2.18190  4.247930E+01
   2.18280  4.241870E+01
   2.18370  4.235240E+01
   2.18460  4.227940E+01
   2.18560  4.220150E+01
   2.18650  4.211930E+01
   2.18740  4.203480E+01
   2.18830  4.194930E+01
   2.18930  4.186450E+01
   2.19020  4.178190E+01
   2.19110  4.170110E+01
   2.19200  4.162250E+01
   2.19300  4.154580E+01
   2.19390  4.147190E+01
   2.19480  4.140110E+01
   2.19570  4.133430E+01
   2.19670  4.127270E+01
   2.19760  4.121540E+01
   2.19850  4.115930E+01
   2.19950  4.110060E+01
   2.20040  4.103570E+01
   2.20130  4.096200E+01
   2.20230  4.087820E+01
   2.20320  4.078650E+01
   2.20410  4.069210E+01
   2.20510  4.060330E+01
   2.20600  4.053130E+01
   2.20700  4.048750E+01
   2.20790  4.048250E+01
   2.20880  4.052080E+01
   2.20980  4.059970E+01
   2.21070  4.071010E+01
   2.21170  4.083790E+01
   2.21260  4.096940E+01
   2.21360  4.109390E+01
   2.21450  4.120740E+01
   2.21550  4.130940E+01
   2.21640  4.140300E+01
   2.21730  4.149060E+01
   2.21830  4.157300E+01
   2.21920  4.164950E+01
   2.22020  4.171870E+01
   2.22110  4.178020E+01
   2.22210  4.183610E+01
   2.22310  4.188940E+01
   2.22400  4.194200E+01
   2.22500  4.199500E+01
   2.22590  4.204710E+01
   2.22690  4.209570E+01
   2.22780  4.213780E+01
   2.22880  4.217260E+01
   2.22970  4.220180E+01
   2.23070  4.222760E+01
   2.23170  4.225100E+01
   2.23260  4.227260E+01
   2.23360  4.229080E+01
   2.23450  4.230410E+01
   2.23550  4.231190E+01
   2.23650  4.231570E+01
   2.23740  4.231830E+01
   2.23840  4.232300E+01
   2.23940  4.233130E+01
   2.24030  4.234290E+01
   2.24130  4.235570E+01
   2.24230  4.236730E+01
   2.24330  4.237460E+01
   2.24420  4.237700E+01
   2.24520  4.237390E+01
   2.24620  4.236780E+01
   2.24710  4.236140E+01
   2.24810  4.235850E+01
   2.24910  4.236210E+01
   2.25010  4.237270E+01
   2.25100  4.238980E+01
   2.25200  4.240990E+01
   2.25300  4.242910E+01
   2.25400  4.244380E+01
   2.25500  4.245250E+01
   2.25590  4.245630E+01
   2.25690  4.245730E+01
   2.25790  4.245850E+01
   2.25890  4.246230E+01
   2.25990  4.247030E+01
   2.26090  4.248260E+01
   2.26180  4.249800E+01
   2.26280  4.251530E+01
   2.26380  4.253260E+01
   2.26480  4.254750E+01
   2.26580  4.255820E+01
   2.26680  4.256360E+01
   2.26780  4.256390E+01
   2.26880  4.255980E+01
   2.26980  4.255460E+01
   2.27080  4.255060E+01
   2.27180  4.254890E+01
   2.27280  4.254850E+01
   2.27380  4.254660E+01
   2.27470  4.253920E+01
   2.27570  4.252360E+01
   2.27670  4.249940E+01
   2.27770  4.246890E+01
   2.27870  4.243670E+01
   2.27980  4.240710E+01
   2.28080  4.238340E+01
   2.28180  4.236590E+01
   2.28280  4.235170E+01
   2.28380  4.233580E+01
   2.28480  4.231420E+01
   2.28580  4.228370E+01
   2.28680  4.224410E+01
   2.28780  4.219800E+01
   2.28880  4.214940E+01
   2.28980  4.210280E+01
   2.29080  4.206130E+01
   2.29180  4.202650E+01
   2.29290  4.199830E+01
   2.29390  4.197560E+01
   2.29490  4.195620E+01
   2.29590  4.193820E+01
   2.29690  4.191920E+01
   2.29790  4.189790E+01
   2.29900  4.187330E+01
   2.30000  4.184540E+01
   2.30100  4.181550E+01
   2.30200  4.178590E+01
   2.30300  4.175800E+01
   2.30410  4.173140E+01
   2.30510  4.170470E+01
   2.30610  4.167670E+01
   2.30710  4.164600E+01
   2.30820  4.161260E+01
   2.30920  4.157890E+01
   2.31020  4.154770E+01
   2.31130  4.152090E+01
   2.31230  4.149940E+01
   2.31330  4.148260E+01
   2.31440  4.146930E+01
   2.31540  4.145770E+01
   2.31640  4.144580E+01
   2.31750  4.143210E+01
   2.31850  4.141460E+01
   2.31950  4.139160E+01
   2.32060  4.136320E+01
   2.32160  4.133030E+01
   2.32260  4.129400E+01
   2.32370  4.125620E+01
   2.32470  4.121760E+01
   2.32580  4.117820E+01
   2.32680  4.113800E+01
   2.32790  4.109540E+01
   2.32890  4.105110E+01
   2.33000  4.100510E+01
   2.33100  4.095920E+01
   2.33210  4.091440E+01
   2.33310  4.087130E+01
   2.33420  4.082990E+01
   2.33520  4.078800E+01
   2.33630  4.074340E+01
   2.33730  4.069440E+01
   2.33840  4.064040E+01
   2.33940  4.058220E+01
   2.34050  4.052200E+01
   2.34150  4.046280E+01
   2.34260  4.040720E+01
   2.34360  4.035630E+01
   2.34470  4.031030E+01
   2.34580  4.026890E+01
   2.34680  4.023150E+01
   2.34790  4.019740E+01
   2.34900  4.016750E+01
   2.35000  4.014240E+01
   2.35110  4.012300E+01
   2.35220  4.010950E+01
   2.35320  4.010170E+01
   2.35430  4.009860E+01
   2.35540  4.009810E+01
   2.35640  4.009880E+01
   2.35750  4.009770E+01
   2.35860  4.009270E+01
   2.35970  4.008250E+01
   2.36070  4.006640E+01
   2.36180  4.004480E+01
   2.36290  4.002020E+01
   2.36400  3.999490E+01
   2.36500  3.997020E+01
   2.36610  3.994700E+01
   2.36720  3.992450E+01
   2.36830  3.990130E+01
   2.36940  3.987580E+01
   2.37040  3.984660E+01
   2.37150  3.981420E+01
   2.37260  3.977960E+01
   2.37370  3.974410E+01
   2.37480  3.970860E+01
   2.37590  3.967400E+01
   2.37700  3.964010E+01
   2.37810  3.960630E+01
   2.37910  3.957140E+01
   2.38020  3.953500E+01
   2.38130  3.949710E+01
   2.38240  3.945900E+01
   2.38350  3.942250E+01
   2.38460  3.939000E+01
   2.38570  3.936300E+01
   2.38680  3.934170E+01
   2.38790  3.932540E+01
   2.38900  3.931140E+01
   2.39010  3.929770E+01
   2.39120  3.928300E+01
   2.39230  3.926670E+01
   2.39340  3.924990E+01
   2.39450  3.923330E+01
   2.39560  3.921760E+01
   2.39670  3.920200E+01
   2.39790  3.918430E+01
   2.39900  3.916200E+01
   2.40010  3.913400E+01
   2.40120  3.909970E+01
   2.40230  3.906020E+01
   2.40340  3.901730E+01
   2.40450  3.897350E+01
   2.40560  3.892970E+01
   2.40680  3.888750E+01
   2.40790  3.884730E+01
   2.40900  3.880870E+01
   2.41010  3.877030E+01
   2.41120  3.873050E+01
   2.41240  3.868670E+01
   2.41350  3.863650E+01
   2.41460  3.857870E+01
   2.41570  3.851520E+01
   2.41690  3.844890E+01
   2.41800  3.838310E+01
   2.41910  3.831960E+01
   2.42020  3.825950E+01
   2.42140  3.820100E+01
   2.42250  3.814160E+01
   2.42360  3.807830E+01
   2.42480  3.801060E+01
   2.42590  3.793930E+01
   2.42700  3.786570E+01
   2.42820  3.779200E+01
   2.42930  3.772030E+01
   2.43050  3.765110E+01
   2.43160  3.758390E+01
   2.43270  3.751730E+01
   2.43390  3.745100E+01
   2.43500  3.738450E+01
   2.43620  3.731840E+01
   2.43730  3.725330E+01
   2.43850  3.719050E+01
   2.43960  3.713130E+01
   2.44080  3.707610E+01
   2.44190  3.702540E+01
   2.44310  3.697950E+01
   2.44420  3.693710E+01
   2.44540  3.689570E+01
   2.44650  3.685330E+01
   2.44770  3.680710E+01
   2.44880  3.675710E+01
   2.45000  3.670360E+01
   2.45110  3.664960E+01
   2.45230  3.659800E+01
   2.45350  3.655090E+01
   2.45460  3.650870E+01
   2.45580  3.646990E+01
   2.45690  3.643150E+01
   2.45810  3.639100E+01
   2.45930  3.634580E+01
   2.46040  3.629630E+01
   2.46160  3.624440E+01
   2.46280  3.619300E+01
   2.46400  3.614570E+01
   2.46510  3.610350E+01
   2.46630  3.606630E+01
   2.46750  3.603150E+01
   2.46860  3.599720E+01
   2.46980  3.596190E+01
   2.47100  3.592500E+01
   2.47220  3.588830E+01
   2.47340  3.585270E+01
   2.47450  3.581960E+01
   2.47570  3.578710E+01
   2.47690  3.575280E+01
   2.47810  3.571350E+01
   2.47930  3.566780E+01
   2.48050  3.561570E+01
   2.48160  3.555930E+01
   2.48280  3.550370E+01
   2.48400  3.545320E+01
   2.48520  3.541040E+01
   2.48640  3.537480E+01
   2.48760  3.534400E+01
   2.48880  3.531470E+01
   2.49000  3.528250E+01
   2.49120  3.524670E+01
   2.49240  3.520880E+01
   2.49360  3.517240E+01
   2.49480  3.513990E+01
   2.49600  3.511270E+01
   2.49720  3.508880E+01
   2.49840  3.506460E+01
   2.49960  3.503620E+01
   2.50080  3.500210E+01
   2.50200  3.496350E+01
   2.50320  3.492440E+01
   2.50440  3.488960E+01
   2.50560  3.486210E+01
   2.50680  3.484220E+01
   2.50810  3.482660E+01
   2.50930  3.481120E+01
   2.51050  3.479180E+01
   2.51170  3.476760E+01
   2.51290  3.474060E+01
   2.51410  3.471460E+01
   2.51540  3.469300E+01
   2.51660  3.467720E+01
   2.51780  3.466580E+01
   2.51900  3.465520E+01
   2.52020  3.464190E+01
   2.52150  3.462510E+01
   2.52270  3.460540E+01
   2.52390  3.458340E+01
   2.52520  3.455730E+01
   2.52640  3.452320E+01
   2.52760  3.447680E+01
   2.52890  3.441790E+01
   2.53010  3.435060E+01
   2.53130  3.428690E+01
   2.53260  3.424020E+01
   2.53380  3.422080E+01
   2.53500  3.422650E+01
   2.53630  3.424380E+01
   2.53750  3.425590E+01
   2.53880  3.424710E+01
   2.54000  3.421090E+01
   2.54130  3.415190E+01
   2.54250  3.408320E+01
   2.54370  3.401570E+01
   2.54500  3.395040E+01
   2.54620  3.388500E+01
   2.54750  3.382300E+01
   2.54870  3.377870E+01
   2.55000  3.377300E+01
   2.55130  3.382300E+01
   2.55250  3.392270E+01
   2.55380  3.403070E+01
   2.55500  3.407660E+01
   2.55630  3.399230E+01
   2.55750  3.374960E+01
   2.55880  3.338270E+01
   2.56010  3.298370E+01
   2.56130  3.266520E+01
   2.56260  3.251170E+01
   2.56390  3.254440E+01
   2.56510  3.270990E+01
   2.56640  3.290630E+01
   2.56770  3.303580E+01
   2.56900  3.304790E+01
   2.57020  3.295360E+01
   2.57150  3.281250E+01
   2.57280  3.269550E+01
   2.57410  3.265450E+01
   2.57530  3.268840E+01
   2.57660  3.274330E+01
   2.57790  3.275070E+01
   2.57920  3.266280E+01
   2.58050  3.248170E+01
   2.58170  3.226170E+01
   2.58300  3.208500E+01
   2.58430  3.202250E+01
   2.58560  3.207860E+01
   2.58690  3.216930E+01
   2.58820  3.217120E+01
   2.58950  3.198770E+01
   2.59080  3.161090E+01
   2.59210  3.114080E+01
   2.59340  3.074980E+01
   2.59470  3.060490E+01
   2.59600  3.077330E+01
   2.59730  3.116950E+01
   2.59860  3.160520E+01
   2.59990  3.188680E+01
   2.60120  3.190520E+01
   2.60250  3.168050E+01
   2.60380  3.134730E+01
   2.60510  3.108730E+01
   2.60640  3.103350E+01
   2.60770  3.119910E+01
   2.60900  3.148490E+01
   2.61030  3.174420E+01
   2.61170  3.184580E+01
   2.61300  3.172640E+01
   2.61430  3.142260E+01
   2.61560  3.105410E+01
   2.61690  3.076780E+01
   2.61830  3.066030E+01
   2.61960  3.074370E+01
   2.62090  3.095420E+01
   2.62220  3.116850E+01
   2.62360  3.125710E+01
   2.62490  3.115220E+01
   2.62620  3.087630E+01
   2.62750  3.052820E+01
   2.62890  3.023170E+01
   2.63020  3.009290E+01
   2.63150  3.016610E+01
   2.63290  3.042090E+01
   2.63420  3.076470E+01
   2.63560  3.109080E+01
   2.63690  3.130970E+01
   2.63820  3.137450E+01
   2.63960  3.128720E+01
   2.64090  3.109270E+01
   2.64230  3.085500E+01
   2.64360  3.062120E+01
   2.64500  3.041280E+01
   2.64630  3.022620E+01
   2.64770  3.003800E+01
   2.64900  2.982670E+01
   2.65040  2.958850E+01
   2.65170  2.933890E+01
   2.65310  2.910210E+01
   2.65450  2.889290E+01
   2.65580  2.870300E+01
   2.65720  2.848940E+01
   2.65850  2.818560E+01
   2.65990  2.773730E+01
   2.66130  2.712630E+01
   2.66260  2.637910E+01
   2.66400  2.557400E+01
   2.66540  2.482450E+01
   2.66670  2.423290E+01
   2.66810  2.384520E+01
   2.66950  2.363750E+01
   2.67090  2.353950E+01
   2.67220  2.345490E+01
   2.67360  2.329700E+01
   2.67500  2.302750E+01
   2.67640  2.266470E+01
   2.67780  2.225120E+01
   2.67910  2.181550E+01
   2.68050  2.135750E+01
   2.68190  2.084810E+01
   2.68330  2.023730E+01
   2.68470  1.947450E+01
   2.68610  1.853530E+01
   2.68750  1.742960E+01
   2.68890  1.619730E+01
   2.69030  1.489670E+01
   2.69170  1.359440E+01
   2.69310  1.235370E+01
   2.69450  1.122480E+01
   2.69590  1.023520E+01
   2.69730  9.389300E+00
   2.69870  8.678800E+00
   2.70010  8.089600E+00
   2.70150  7.610800E+00
   2.70290  7.238000E+00
   2.70430  6.972100E+00
   2.70570  6.816000E+00
   2.70710  6.763900E+00
   2.70850  6.797100E+00
   2.71000  6.884000E+00
   2.71140  6.980900E+00
   2.71280  7.037700E+00
   2.71420  7.011400E+00
   2.71560  6.877100E+00
   2.71710  6.637900E+00
   2.71850  6.324400E+00
   2.71990  5.985000E+00
   2.72130  5.670800E+00
   2.72280  5.417200E+00
   2.72420  5.234300E+00
   2.72560  5.109100E+00
   2.72710  5.013600E+00
   2.72850  4.917000E+00
   2.72990  4.796900E+00
   2.73140  4.644200E+00
   2.73280  4.462600E+00
   2.73430  4.264800E+00
   2.73570  4.068500E+00
   2.73710  3.892800E+00
   2.73860  3.751600E+00
   2.74000  3.652900E+00
   2.74150  3.594600E+00
   2.74290  3.566000E+00
   2.74440  3.549200E+00
   2.74580  3.526000E+00
   2.74730  3.482400E+00
   2.74880  3.413500E+00
   2.75020  3.323500E+00
   2.75170  3.224700E+00
   2.75310  3.130500E+00
   2.75460  3.052300E+00
   2.75610  2.996400E+00
   2.75750  2.964000E+00
   2.75900  2.952100E+00
   2.76050  2.957400E+00
   2.76190  2.976300E+00
   2.76340  3.006900E+00
   2.76490  3.047300E+00
   2.76640  3.094900E+00
   2.76780  3.147300E+00
   2.76930  3.200100E+00
   2.77080  3.249800E+00
   2.77230  3.293600E+00
   2.77380  3.329900E+00
   2.77520  3.358800E+00
   2.77670  3.381000E+00
   2.77820  3.398500E+00
   2.77970  3.412300E+00
   2.78120  3.424100E+00
   2.78270  3.435500E+00
   2.78420  3.448000E+00
   2.78570  3.463400E+00
   2.78720  3.483600E+00
   2.78870  3.509400E+00
   2.79020  3.540600E+00
   2.79170  3.574500E+00
   2.79320  3.607400E+00
   2.79470  3.634400E+00
   2.79620  3.651900E+00
   2.79770  3.658600E+00
   2.79920  3.655500E+00
   2.80070  3.646300E+00
   2.80220  3.636500E+00
   2.80380  3.631100E+00
   2.80530  3.633700E+00
   2.80680  3.644800E+00
   2.80830  3.662600E+00
   2.80980  3.683000E+00
   2.81140  3.701000E+00
   2.81290  3.712300E+00
   2.81440  3.714900E+00
   2.81590  3.709000E+00
   2.81750  3.697200E+00
   2.81900  3.683200E+00
   2.82050  3.671600E+00
   2.82210  3.665700E+00
   2.82360  3.666900E+00
   2.82520  3.673700E+00
   2.82670  3.683900E+00
   2.82820  3.693400E+00
   2.82980  3.699100E+00
   2.83130  3.698400E+00
   2.83290  3.690800E+00
   2.83440  3.677500E+00
   2.83600  3.660700E+00
   2.83750  3.642900E+00
   2.83910  3.626800E+00
   2.84060  3.613800E+00
   2.84220  3.603600E+00
   2.84370  3.595600E+00
   2.84530  3.588000E+00
   2.84690  3.579200E+00
   2.84840  3.568800E+00
   2.85000  3.556700E+00
   2.85160  3.543500E+00
   2.85310  3.529700E+00
   2.85470  3.516700E+00
   2.85630  3.504900E+00
   2.85790  3.494900E+00
   2.85940  3.486600E+00
   2.86100  3.479800E+00
   2.86260  3.472700E+00
   2.86420  3.463700E+00
   2.86580  3.451600E+00
   2.86730  3.436900E+00
   2.86890  3.420600E+00
   2.87050  3.404700E+00
   2.87210  3.391200E+00
   2.87370  3.381300E+00
   2.87530  3.373700E+00
   2.87690  3.367300E+00
   2.87850  3.360400E+00
   2.88010  3.352800E+00
   2.88170  3.344500E+00
   2.88330  3.336000E+00
   2.88490  3.327700E+00
   2.88650  3.319400E+00
   2.88810  3.310700E+00
   2.88970  3.301000E+00
   2.89130  3.290600E+00
   2.89290  3.279200E+00
   2.89460  3.267600E+00
   2.89620  3.256500E+00
   2.89780  3.246300E+00
   2.89940  3.236800E+00
   2.90100  3.228700E+00
   2.90270  3.222400E+00
   2.90430  3.217400E+00
   2.90590  3.212600E+00
   2.90750  3.207400E+00
   2.90920  3.201000E+00
   2.91080  3.192800E+00
   2.91240  3.182100E+00
   2.91410  3.170500E+00
   2.91570  3.159600E+00
   2.91740  3.150600E+00
   2.91900  3.145200E+00
   2.92070  3.144400E+00
   2.92230  3.148900E+00
   2.92390  3.157000E+00
   2.92560  3.166700E+00
   2.92720  3.175900E+00
   2.92890  3.183000E+00
   2.93060  3.186100E+00
   2.93220  3.185900E+00
   2.93390  3.184200E+00
   2.93550  3.181900E+00
   2.93720  3.179000E+00
   2.93890  3.175200E+00
   2.94050  3.169800E+00
   2.94220  3.162900E+00
   2.94390  3.155100E+00
   2.94550  3.148200E+00
   2.94720  3.144200E+00
   2.94890  3.143300E+00
   2.95060  3.144900E+00
   2.95230  3.147500E+00
   2.95390  3.149200E+00
   2.95560  3.148900E+00
   2.95730  3.147000E+00
   2.95900  3.144200E+00
   2.96070  3.141800E+00
   2.96240  3.141400E+00
   2.96410  3.144200E+00
   2.96580  3.151100E+00
   2.96750  3.162700E+00
   2.96920  3.177400E+00
   2.97090  3.193900E+00
   2.97260  3.210500E+00
   2.97430  3.225000E+00
   2.97600  3.236600E+00
   2.97770  3.244900E+00
   2.97940  3.250800E+00
   2.98110  3.256000E+00
   2.98280  3.261400E+00
   2.98450  3.268800E+00
   2.98630  3.279000E+00
   2.98800  3.292200E+00
   2.98970  3.307800E+00
   2.99140  3.324700E+00
   2.99320  3.341500E+00
   2.99490  3.357100E+00
   2.99660  3.371100E+00
   2.99840  3.383900E+00
   3.00010  3.395500E+00
   3.00180  3.405900E+00
   3.00360  3.414400E+00
   3.00530  3.420800E+00
   3.00700  3.425100E+00
   3.00880  3.427400E+00
   3.01050  3.428400E+00
   3.01230  3.429600E+00
   3.01400  3.431500E+00
   3.01580  3.434300E+00
   3.01760  3.437900E+00
   3.01930  3.442600E+00
   3.02110  3.448700E+00
   3.02280  3.456300E+00
   3.02460  3.466500E+00
   3.02640  3.479500E+00
   3.02810  3.494200E+00
   3.02990  3.509100E+00
   3.03170  3.522600E+00
   3.03340  3.533300E+00
   3.03520  3.540900E+00
   3.03700  3.546100E+00
   3.03880  3.551300E+00
   3.04060  3.558400E+00
   3.04230  3.568300E+00
   3.04410  3.580900E+00
   3.04590  3.595600E+00
   3.04770  3.611200E+00
   3.04950  3.626800E+00
   3.05130  3.642200E+00
   3.05310  3.658100E+00
   3.05490  3.674200E+00
   3.05670  3.689800E+00
   3.05850  3.704700E+00
   3.06030  3.718200E+00
   3.06210  3.730300E+00
   3.06390  3.741700E+00
   3.06570  3.753300E+00
   3.06750  3.765600E+00
   3.06940  3.778200E+00
   3.07120  3.790200E+00
   3.07300  3.800900E+00
   3.07480  3.810600E+00
   3.07660  3.819100E+00
   3.07850  3.827700E+00
   3.08030  3.837100E+00
   3.08210  3.848300E+00
   3.08400  3.861300E+00
   3.08580  3.876200E+00
   3.08760  3.893000E+00
   3.08950  3.911500E+00
   3.09130  3.930200E+00
   3.09320  3.948200E+00
   3.09500  3.964300E+00
   3.09690  3.978500E+00
   3.09870  3.990800E+00
   3.10060  4.003100E+00
   3.10240  4.017800E+00
   3.10430  4.036300E+00
   3.10610  4.059500E+00
   3.10800  4.086700E+00
   3.10990  4.116300E+00
   3.11170  4.145700E+00
   3.11360  4.172000E+00
   3.11550  4.194700E+00
   3.11740  4.213400E+00
   3.11920  4.229500E+00
   3.12110  4.245200E+00
   3.12300  4.262900E+00
   3.12490  4.284500E+00
   3.12680  4.311000E+00
   3.12860  4.342000E+00
   3.13050  4.376800E+00
   3.13240  4.414000E+00
   3.13430  4.452400E+00
   3.13620  4.491700E+00
   3.13810  4.531500E+00
   3.14000  4.571000E+00
   3.14190  4.609400E+00
   3.14380  4.645900E+00
   3.14570  4.679200E+00
   3.14760  4.709800E+00
   3.14950  4.738700E+00
   3.15150  4.767600E+00
   3.15340  4.798400E+00
   3.15530  4.831800E+00
   3.15720  4.868200E+00
   3.15910  4.906600E+00
   3.16110  4.945900E+00
   3.16300  4.985400E+00
   3.16490  5.024800E+00
   3.16690  5.064300E+00
   3.16880  5.104800E+00
   3.17070  5.146700E+00
   3.17270  5.190300E+00
   3.17460  5.234800E+00
   3.17660  5.278600E+00
   3.17850  5.320500E+00
   3.18050  5.359400E+00
   3.18240  5.395100E+00
   3.18440  5.429200E+00
   3.18630  5.463100E+00
   3.18830  5.498200E+00
   3.19020  5.535600E+00
   3.19220  5.574600E+00
   3.19420  5.614200E+00
   3.19610  5.652600E+00
   3.19810  5.689700E+00
   3.20010  5.725700E+00
   3.20210  5.762200E+00
   3.20400  5.801000E+00
   3.20600  5.843400E+00
   3.20800  5.890100E+00
   3.21000  5.939800E+00
   3.21200  5.991400E+00
   3.21400  6.042800E+00
   3.21600  6.092600E+00
   3.21800  6.139200E+00
   3.22000  6.182600E+00
   3.22200  6.222600E+00
   3.22400  6.260900E+00
   3.22600  6.298800E+00
   3.22800  6.338800E+00
   3.23000  6.382200E+00
   3.23200  6.428800E+00
   3.23400  6.477900E+00
   3.23610  6.527600E+00
   3.23810  6.576600E+00
   3.24010  6.624000E+00
   3.24210  6.670200E+00
   3.24420  6.715600E+00
   3.24620  6.761300E+00
   3.24820  6.808200E+00
   3.25030  6.856100E+00
   3.25230  6.905300E+00
   3.25430  6.955500E+00
   3.25640  7.006900E+00
   3.25840  7.059700E+00
   3.26050  7.114200E+00
   3.26250  7.170800E+00
   3.26460  7.229000E+00
   3.26660  7.288700E+00
   3.26870  7.348200E+00
   3.27080  7.406700E+00
   3.27280  7.463000E+00
   3.27490  7.516800E+00
   3.27700  7.568400E+00
   3.27900  7.619100E+00
   3.28110  7.670200E+00
   3.28320  7.723000E+00
   3.28530  7.778700E+00
   3.28740  7.836900E+00
   3.28940  7.898300E+00
   3.29150  7.962000E+00
   3.29360  8.027100E+00
   3.29570  8.092900E+00
   3.29780  8.159000E+00
   3.29990  8.224600E+00
   3.30200  8.289500E+00
   3.30410  8.354400E+00
   3.30620  8.418800E+00
   3.30830  8.483200E+00
   3.31040  8.546900E+00
   3.31260  8.608700E+00
   3.31470  8.667700E+00
   3.31680  8.723100E+00
   3.31890  8.775000E+00
   3.32100  8.824200E+00
   3.32320  8.872300E+00
   3.32530  8.919900E+00
   3.32740  8.967500E+00
   3.32960  9.014900E+00
   3.33170  9.061000E+00
   3.33390  9.105300E+00
   3.33600  9.147200E+00
   3.33820  9.186300E+00
   3.34030  9.222300E+00
   3.34250  9.255000E+00
   3.34460  9.283700E+00
   3.34680  9.308800E+00
   3.34890  9.331000E+00
   3.35110  9.350900E+00
   3.35330  9.368900E+00
   3.35540  9.384500E+00
   3.35760  9.396400E+00
   3.35980  9.402100E+00
   3.36200  9.400200E+00
   3.36410  9.390700E+00
   3.36630  9.375300E+00
   3.36850  9.358500E+00
   3.37070  9.344300E+00
   3.37290  9.337600E+00
   3.37510  9.341900E+00
   3.37730  9.358700E+00
   3.37950  9.386700E+00
   3.38170  9.422900E+00
   3.38390  9.462000E+00
   3.38610  9.498400E+00
   3.38830  9.527100E+00
   3.39060  9.543900E+00
   3.39280  9.547200E+00
   3.39500  9.538000E+00
   3.39720  9.519300E+00
   3.39940  9.494900E+00
   3.40170  9.468800E+00
   3.40390  9.444700E+00
   3.40610  9.424300E+00
   3.40840  9.408200E+00
   3.41060  9.395400E+00
   3.41290  9.386200E+00
   3.41510  9.382600E+00
   3.41740  9.388800E+00
   3.41960  9.412000E+00
   3.42190  9.460300E+00
   3.42410  9.541500E+00
   3.42640  9.658500E+00
   3.42870  9.809400E+00
   3.43090  9.985300E+00
   3.43320  1.017430E+01
   3.43550  1.036230E+01
   3.43780  1.053850E+01
   3.44000  1.069650E+01
   3.44230  1.083410E+01
   3.44460  1.095270E+01
   3.44690  1.105620E+01
   3.44920  1.114910E+01
   3.45150  1.123570E+01
   3.45380  1.132030E+01
   3.45610  1.140580E+01
   3.45840  1.149340E+01
   3.46070  1.158170E+01
   3.46300  1.166700E+01
   3.46530  1.174540E+01
   3.46770  1.181400E+01
   3.47000  1.187280E+01
   3.47230  1.192410E+01
   3.47460  1.197320E+01
   3.47700  1.202430E+01
   3.47930  1.207970E+01
   3.48160  1.213870E+01
   3.48400  1.219740E+01
   3.48630  1.225050E+01
   3.48870  1.229070E+01
   3.49100  1.231210E+01
   3.49340  1.231090E+01
   3.49570  1.228810E+01
   3.49810  1.225140E+01
   3.50040  1.221640E+01
   3.50280  1.220480E+01
   3.50520  1.223940E+01
   3.50750  1.233740E+01
   3.50990  1.250390E+01
   3.51230  1.272930E+01
   3.51470  1.299170E+01
   3.51710  1.326430E+01
   3.51950  1.352220E+01
   3.52180  1.374910E+01
   3.52420  1.393870E+01
   3.52660  1.409390E+01
   3.52900  1.422200E+01
   3.53140  1.433210E+01
   3.53380  1.443160E+01
   3.53630  1.452510E+01
   3.53870  1.461600E+01
   3.54110  1.470480E+01
   3.54350  1.479100E+01
   3.54590  1.487320E+01
   3.54840  1.495040E+01
   3.55080  1.502150E+01
   3.55320  1.508750E+01
   3.55570  1.515030E+01
   3.55810  1.521210E+01
   3.56050  1.527560E+01
   3.56300  1.534120E+01
   3.56540  1.540910E+01
   3.56790  1.547880E+01
   3.57040  1.554860E+01
   3.57280  1.561800E+01
   3.57530  1.568640E+01
   3.57770  1.575390E+01
   3.58020  1.582050E+01
   3.58270  1.588630E+01
   3.58520  1.595140E+01
   3.58760  1.601610E+01
   3.59010  1.608030E+01
   3.59260  1.614370E+01
   3.59510  1.620650E+01
   3.59760  1.626780E+01
   3.60010  1.632750E+01
   3.60260  1.638600E+01
   3.60510  1.644350E+01
   3.60760  1.650160E+01
   3.61010  1.656080E+01
   3.61270  1.662120E+01
   3.61520  1.668230E+01
   3.61770  1.674310E+01
   3.62020  1.680260E+01
   3.62270  1.686010E+01
   3.62530  1.691580E+01
   3.62780  1.697020E+01
   3.63040  1.702450E+01
   3.63290  1.707870E+01
   3.63550  1.713310E+01
   3.63800  1.718690E+01
   3.64060  1.723920E+01
   3.64310  1.728870E+01
   3.64570  1.733470E+01
   3.64820  1.737680E+01
   3.65080  1.741540E+01
   3.65340  1.745100E+01
   3.65600  1.748430E+01
   3.65850  1.751580E+01
   3.66110  1.754500E+01
   3.66370  1.757080E+01
   3.66630  1.759210E+01
   3.66890  1.760800E+01
   3.67150  1.761790E+01
   3.67410  1.762220E+01
   3.67670  1.762100E+01
   3.67930  1.761530E+01
   3.68190  1.760580E+01
   3.68450  1.759280E+01
   3.68720  1.757770E+01
   3.68980  1.756130E+01
   3.69240  1.754470E+01
   3.69500  1.752890E+01
   3.69770  1.751350E+01
   3.70030  1.749760E+01
   3.70300  1.748030E+01
   3.70560  1.746110E+01
   3.70830  1.744120E+01
   3.71090  1.742180E+01
   3.71360  1.740500E+01
   3.71620  1.739200E+01
   3.71890  1.738350E+01
   3.72160  1.737920E+01
   3.72420  1.737830E+01
   3.72690  1.738110E+01
   3.72960  1.738870E+01
   3.73230  1.740240E+01
   3.73500  1.742320E+01
   3.73770  1.745190E+01
   3.74040  1.748810E+01
   3.74310  1.753030E+01
   3.74580  1.757790E+01
   3.74850  1.763050E+01
   3.75120  1.768800E+01
   3.75390  1.775030E+01
   3.75660  1.781730E+01
   3.75940  1.788910E+01
   3.76210  1.796460E+01
   3.76480  1.804300E+01
   3.76760  1.812370E+01
   3.77030  1.820520E+01
   3.77300  1.828640E+01
   3.77580  1.836530E+01
   3.77850  1.844040E+01
   3.78130  1.851120E+01
   3.78410  1.857750E+01
   3.78680  1.863980E+01
   3.78960  1.869800E+01
   3.79240  1.875270E+01
   3.79510  1.880290E+01
   3.79790  1.884770E+01
   3.80070  1.888610E+01
   3.80350  1.891800E+01
   3.80630  1.894380E+01
   3.80910  1.896400E+01
   3.81190  1.897940E+01
   3.81470  1.899000E+01
   3.81750  1.899590E+01
   3.82030  1.899670E+01
   3.82310  1.899240E+01
   3.82590  1.898360E+01
   3.82880  1.897270E+01
   3.83160  1.896160E+01
   3.83440  1.895280E+01
   3.83730  1.894860E+01
   3.84010  1.894980E+01
   3.84300  1.895690E+01
   3.84580  1.896890E+01
   3.84870  1.898460E+01
   3.85150  1.900260E+01
   3.85440  1.902250E+01
   3.85730  1.904520E+01
   3.86010  1.907200E+01
   3.86300  1.910490E+01
   3.86590  1.914580E+01
   3.86880  1.919610E+01
   3.87170  1.925500E+01
   3.87460  1.932130E+01
   3.87750  1.939260E+01
   3.88040  1.946630E+01
   3.88330  1.953970E+01
   3.88620  1.961100E+01
   3.88910  1.967940E+01
   3.89200  1.974400E+01
   3.89490  1.980440E+01
   3.89790  1.986030E+01
   3.90080  1.991150E+01
   3.90370  1.995810E+01
   3.90670  2.000030E+01
   3.90960  2.003840E+01
   3.91260  2.007230E+01
   3.91550  2.010090E+01
   3.91850  2.012270E+01
   3.92140  2.013620E+01
   3.92440  2.013950E+01
   3.92740  2.013170E+01
   3.93040  2.011350E+01
   3.93330  2.008550E+01
   3.93630  2.004980E+01
   3.93930  2.000740E+01
   3.94230  1.995930E+01
   3.94530  1.990650E+01
   3.94830  1.984850E+01
   3.95130  1.978570E+01
   3.95440  1.971940E+01
   3.95740  1.965120E+01
   3.96040  1.958280E+01
   3.96340  1.951600E+01
   3.96650  1.945250E+01
   3.96950  1.939260E+01
   3.97250  1.933600E+01
   3.97560  1.928230E+01
   3.97860  1.923090E+01
   3.98170  1.918210E+01
   3.98470  1.913680E+01
   3.98780  1.909610E+01
   3.99090  1.906110E+01
   3.99400  1.903220E+01
   3.99700  1.900850E+01
   4.00010  1.898930E+01
   4.00320  1.897340E+01
   4.00630  1.896110E+01
   4.00940  1.895260E+01
   4.01250  1.894930E+01
   4.01560  1.895210E+01
   4.01870  1.896180E+01
   4.02180  1.897750E+01
   4.02500  1.899760E+01
   4.02810  1.902030E+01
   4.03120  1.904450E+01
   4.03440  1.906890E+01
   4.03750  1.909300E+01
   4.04060  1.911620E+01
   4.04380  1.913780E+01
   4.04700  1.915580E+01
   4.05010  1.916880E+01
   4.05330  1.917470E+01
   4.05650  1.917280E+01
   4.05960  1.916270E+01
   4.06280  1.914370E+01
   4.06600  1.911530E+01
   4.06920  1.907760E+01
   4.07240  1.902980E+01
   4.07560  1.897180E+01
   4.07880  1.890380E+01
   4.08200  1.882730E+01
   4.08520  1.874300E+01
   4.08840  1.865230E+01
   4.09170  1.855620E+01
   4.09490  1.845580E+01
   4.09810  1.835200E+01
   4.10140  1.824640E+01
   4.10460  1.813910E+01
   4.10790  1.803120E+01
   4.11110  1.792200E+01
   4.11440  1.781160E+01
   4.11770  1.770060E+01
   4.12090  1.758970E+01
   4.12420  1.748010E+01
   4.12750  1.737330E+01
   4.13080  1.727050E+01
   4.13410  1.717290E+01
   4.13740  1.708060E+01
   4.14070  1.699320E+01
   4.14400  1.691010E+01
   4.14730  1.682980E+01
   4.15060  1.675020E+01
   4.15400  1.666920E+01
   4.15730  1.658470E+01
   4.16060  1.649490E+01
   4.16400  1.639950E+01
   4.16730  1.629840E+01
   4.17070  1.619200E+01
   4.17400  1.608100E+01
   4.17740  1.596680E+01
   4.18080  1.585150E+01
   4.18410  1.573810E+01
   4.18750  1.562980E+01
   4.19090  1.553130E+01
   4.19430  1.544440E+01
   4.19770  1.536860E+01
   4.20110  1.530090E+01
   4.20450  1.523580E+01
   4.20790  1.516710E+01
   4.21130  1.508920E+01
   4.21480  1.499870E+01
   4.21820  1.489570E+01
   4.22160  1.478320E+01
   4.22510  1.466770E+01
   4.22850  1.455640E+01
   4.23200  1.445570E+01
   4.23540  1.436880E+01
   4.23890  1.429330E+01
   4.24240  1.422060E+01
   4.24580  1.413930E+01
   4.24930  1.403840E+01
   4.25280  1.391170E+01
   4.25630  1.376070E+01
   4.25980  1.359540E+01
   4.26330  1.343150E+01
   4.26680  1.328440E+01
   4.27030  1.316600E+01
   4.27380  1.308120E+01
   4.27740  1.302790E+01
   4.28090  1.299950E+01
   4.28440  1.298860E+01
   4.28800  1.298960E+01
   4.29150  1.300020E+01
   4.29510  1.302060E+01
   4.29860  1.305190E+01
   4.30220  1.309380E+01
   4.30580  1.314350E+01
   4.30940  1.319660E+01
   4.31290  1.324530E+01
   4.31650  1.328320E+01
   4.32010  1.330360E+01
   4.32370  1.330190E+01
   4.32730  1.327540E+01
   4.33100  1.322400E+01
   4.33460  1.314850E+01
   4.33820  1.305090E+01
   4.34180  1.293300E+01
   4.34550  1.279660E+01
   4.34910  1.264240E+01
   4.35280  1.247170E+01
   4.35640  1.228510E+01
   4.36010  1.208450E+01
   4.36380  1.187160E+01
   4.36740  1.164900E+01
   4.37110  1.141950E+01
   4.37480  1.118600E+01
   4.37850  1.095130E+01
   4.38220  1.071880E+01
   4.38590  1.049090E+01
   4.38960  1.027210E+01
   4.39340  1.006490E+01
   4.39710  9.871900E+00
   4.40080  9.693800E+00
   4.40450  9.530200E+00
   4.40830  9.378600E+00
   4.41200  9.236800E+00
   4.41580  9.102000E+00
   4.41960  8.973700E+00
   4.42330  8.851900E+00
   4.42710  8.737600E+00
   4.43090  8.630000E+00
   4.43470  8.528200E+00
   4.43850  8.428000E+00
   4.44230  8.325300E+00
   4.44610  8.217000E+00
   4.44990  8.103100E+00
   4.45370  7.987600E+00
   4.45760  7.878200E+00
   4.46140  7.782700E+00
   4.46520  7.709100E+00
   4.46910  7.660500E+00
   4.47300  7.636600E+00
   4.47680  7.633300E+00
   4.48070  7.645600E+00
   4.48460  7.670500E+00
   4.48840  7.708400E+00
   4.49230  7.763500E+00
   4.49620  7.843300E+00
   4.50010  7.954400E+00
   4.50400  8.100800E+00
   4.50800  8.281400E+00
   4.51190  8.489600E+00
   4.51580  8.715100E+00
   4.51970  8.946400E+00
   4.52370  9.173300E+00
   4.52760  9.389500E+00
   4.53160  9.591800E+00
   4.53560  9.779300E+00
   4.53950  9.952200E+00
   4.54350  1.010940E+01
   4.54750  1.024940E+01
   4.55150  1.036870E+01
   4.55550  1.046440E+01
   4.55950  1.053430E+01
   4.56350  1.057740E+01
   4.56750  1.059510E+01
   4.57160  1.059060E+01
   4.57560  1.056720E+01
   4.57960  1.052950E+01
   4.58370  1.048150E+01
   4.58770  1.042560E+01
   4.59180  1.036280E+01
   4.59590  1.029320E+01
   4.60000  1.021580E+01
   4.60400  1.012860E+01
   4.60810  1.003010E+01
   4.61220  9.918800E+00
   4.61630  9.792600E+00
   4.62050  9.650200E+00
   4.62460  9.491100E+00
   4.62870  9.315900E+00
   4.63280  9.126900E+00
   4.63700  8.927500E+00
   4.64110  8.722600E+00
   4.64530  8.515900E+00
   4.64950  8.310300E+00
   4.65360  8.106700E+00
   4.65780  7.906100E+00
   4.66200  7.711000E+00
   4.66620  7.527000E+00
   4.67040  7.365000E+00
   4.67460  7.238300E+00
   4.67880  7.160400E+00
   4.68310  7.141200E+00
   4.68730  7.181900E+00
   4.69150  7.275700E+00
   4.69580  7.407100E+00
   4.70000  7.556300E+00
   4.70430  7.703900E+00
   4.70860  7.833900E+00
   4.71290  7.936200E+00
   4.71720  8.006700E+00
   4.72150  8.046800E+00
   4.72580  8.059600E+00
   4.73010  8.049600E+00
   4.73440  8.021900E+00
   4.73870  7.979700E+00
   4.74310  7.926700E+00
   4.74740  7.864900E+00
   4.75170  7.796400E+00
   4.75610  7.723300E+00
   4.76050  7.646500E+00
   4.76480  7.568200E+00
   4.76920  7.488400E+00
   4.77360  7.407100E+00
   4.77800  7.324000E+00
   4.78240  7.238300E+00
   4.78680  7.149500E+00
   4.79130  7.057800E+00
   4.79570  6.964800E+00
   4.80010  6.871700E+00
   4.80460  6.779600E+00
   4.80900  6.688600E+00
   4.81350  6.597700E+00
   4.81800  6.505600E+00
   4.82250  6.410100E+00
   4.82700  6.310000E+00
   4.83150  6.204800E+00
   4.83600  6.094500E+00
   4.84050  5.979800E+00
   4.84500  5.861900E+00
   4.84950  5.741600E+00
   4.85410  5.619200E+00
   4.85860  5.493900E+00
   4.86320  5.364800E+00
   4.86780  5.231300E+00
   4.87230  5.093000E+00
   4.87690  4.950400E+00
   4.88150  4.806200E+00
   4.88610  4.663900E+00
   4.89070  4.527400E+00
   4.89530  4.401200E+00
   4.90000  4.288700E+00
   4.90460  4.192600E+00
   4.90920  4.113300E+00
   4.91390  4.050500E+00
   4.91860  4.001500E+00
   4.92320  3.963100E+00
   4.92790  3.931600E+00
   4.93260  3.903700E+00
   4.93730  3.876900E+00
   4.94200  3.850900E+00
   4.94670  3.825500E+00
   4.95140  3.801100E+00
   4.95620  3.777900E+00
   4.96090  3.756400E+00
   4.96570  3.735300E+00
   4.97040  3.713700E+00
   4.97520  3.691200E+00
   4.98000  3.667600E+00
   4.98480  3.642500E+00
   4.98960  3.616700E+00
   4.99440  3.591100E+00
   4.99920  3.566400E+00
   5.00400  3.543900E+00
   5.00880  3.524100E+00
   5.01370  3.507700E+00
   5.01850  3.494200E+00
   5.02340  3.483600E+00
   5.02830  3.474600E+00
   5.03320  3.465800E+00
   5.03800  3.457000E+00
   5.04300  3.447800E+00
   5.04790  3.438100E+00
   5.05280  3.427900E+00
   5.05770  3.418000E+00
   5.06270  3.407800E+00
   5.06760  3.397800E+00
   5.07260  3.388400E+00
   5.07750  3.380100E+00
   5.08250  3.373200E+00
   5.08750  3.368000E+00
   5.09250  3.363300E+00
   5.09750  3.358800E+00
   5.10250  3.353300E+00
   5.10750  3.346200E+00
   5.11260  3.336700E+00
   5.11760  3.323900E+00
   5.12270  3.307600E+00
   5.12770  3.287200E+00
   5.13280  3.263600E+00
   5.13790  3.238200E+00
   5.14300  3.214300E+00
   5.14810  3.193900E+00
   5.15320  3.179300E+00
   5.15840  3.170700E+00
   5.16350  3.166900E+00
   5.16860  3.165300E+00
   5.17380  3.163100E+00
   5.17900  3.157900E+00
   5.18420  3.148000E+00
   5.18930  3.132400E+00
   5.19450  3.111300E+00
   5.19980  3.085900E+00
   5.20500  3.057500E+00
   5.21020  3.027700E+00
   5.21540  2.997600E+00
   5.22070  2.967800E+00
   5.22600  2.937900E+00
   5.23120  2.907400E+00
   5.23650  2.876100E+00
   5.24180  2.844200E+00
   5.24710  2.812700E+00
   5.25240  2.781900E+00
   5.25780  2.753000E+00
   5.26310  2.725500E+00
   5.26840  2.698800E+00
   5.27380  2.672700E+00
   5.27920  2.647400E+00
   5.28460  2.623700E+00
   5.29000  2.602600E+00
   5.29540  2.585100E+00
   5.30080  2.571600E+00
   5.30620  2.560900E+00
   5.31160  2.551900E+00
   5.31710  2.541500E+00
   5.32250  2.527300E+00
   5.32800  2.508600E+00
   5.33350  2.486100E+00
   5.33900  2.463600E+00
   5.34450  2.445800E+00
   5.35000  2.437300E+00
   5.35550  2.441100E+00
   5.36110  2.456500E+00
   5.36660  2.480400E+00
   5.37220  2.508800E+00
   5.37780  2.537000E+00
   5.38330  2.560900E+00
   5.38890  2.578000E+00
   5.39450  2.586700E+00
   5.40020  2.588600E+00
   5.40580  2.586700E+00
   5.41140  2.585300E+00
   5.41710  2.589100E+00
   5.42280  2.600900E+00
   5.42840  2.619900E+00
   5.43410  2.640700E+00
   5.43980  2.656400E+00
   5.44550  2.661600E+00
   5.45130  2.654200E+00
   5.45700  2.636200E+00
   5.46280  2.614000E+00
   5.46850  2.593600E+00
   5.47430  2.579600E+00
   5.48010  2.572300E+00
   5.48590  2.568500E+00
   5.49170  2.564700E+00
   5.49750  2.557100E+00
   5.50330  2.544100E+00
   5.50920  2.526400E+00
   5.51510  2.505700E+00
   5.52090  2.483300E+00
   5.52680  2.460000E+00
   5.53270  2.435700E+00
   5.53860  2.408900E+00
   5.54450  2.379300E+00
   5.55050  2.346600E+00
   5.55640  2.312700E+00
   5.56240  2.280800E+00
   5.56840  2.254200E+00
   5.57440  2.236000E+00
   5.58040  2.228400E+00
   5.58640  2.231300E+00
   5.59240  2.240800E+00
   5.59840  2.252100E+00
   5.60450  2.259000E+00
   5.61060  2.256600E+00
   5.61660  2.242600E+00
   5.62270  2.219700E+00
   5.62880  2.193600E+00
   5.63490  2.171800E+00
   5.64110  2.160000E+00
   5.64720  2.160900E+00
   5.65340  2.172800E+00
   5.65960  2.190300E+00
   5.66570  2.207400E+00
   5.67190  2.218300E+00
   5.67820  2.219700E+00
   5.68440  2.211100E+00
   5.69060  2.194100E+00
   5.69690  2.171800E+00
   5.70310  2.147900E+00
   5.70940  2.125200E+00
   5.71570  2.104800E+00
   5.72200  2.086600E+00
   5.72830  2.067200E+00
   5.73470  2.043200E+00
   5.74100  2.013400E+00
   5.74740  1.979800E+00
   5.75380  1.947600E+00
   5.76020  1.923700E+00
   5.76660  1.913000E+00
   5.77300  1.915800E+00
   5.77940  1.925300E+00
   5.78590  1.931200E+00
   5.79230  1.923700E+00
   5.79880  1.898300E+00
   5.80530  1.857800E+00
   5.81180  1.811600E+00
   5.81840  1.770900E+00
   5.82490  1.744400E+00
   5.83140  1.734200E+00
   5.83800  1.733700E+00
   5.84460  1.731800E+00
   5.85120  1.717400E+00
   5.85780  1.684200E+00
   5.86440  1.633800E+00
   5.87110  1.575500E+00
   5.87770  1.522300E+00
   5.88440  1.485300E+00
   5.89110  1.469200E+00
   5.89780  1.470600E+00
   5.90450  1.478900E+00
   5.91120  1.483700E+00
   5.91800  1.477500E+00
   5.92470  1.460200E+00
   5.93150  1.437700E+00
   5.93830  1.418300E+00
   5.94510  1.407400E+00
   5.95200  1.404100E+00
   5.95880  1.403800E+00
   5.96570  1.401500E+00
   5.97250  1.394800E+00
   5.97940  1.384900E+00
   5.98630  1.375900E+00
   5.99320  1.372300E+00
   6.00020  1.374000E+00
   6.00710  1.376400E+00
   6.01410  1.372300E+00
   6.02110  1.357200E+00
   6.02810  1.331100E+00
   6.03510  1.298900E+00
   6.04210  1.269800E+00
   6.04920  1.253000E+00
   6.05630  1.253700E+00
   6.06330  1.270000E+00
   6.07040  1.294900E+00
   6.07760  1.319300E+00
   6.08470  1.334200E+00
   6.09180  1.336600E+00
   6.09900  1.328300E+00
   6.10620  1.316200E+00
   6.11340  1.307500E+00
   6.12060  1.306500E+00
   6.12780  1.313400E+00
   6.13510  1.324500E+00
   6.14240  1.334900E+00
   6.14960  1.339700E+00
   6.15700  1.338000E+00
   6.16430  1.332100E+00
   6.17160  1.325700E+00
   6.17900  1.323100E+00
   6.18630  1.327400E+00
   6.19370  1.338700E+00
   6.20110  1.355100E+00
   6.20860  1.372800E+00
   6.21600  1.388500E+00
   6.22350  1.399800E+00
   6.23100  1.405500E+00
   6.23850  1.406700E+00
   6.24600  1.405700E+00
   6.25350  1.405300E+00
   6.26110  1.408100E+00
   6.26860  1.415200E+00
   6.27620  1.426600E+00
   6.28380  1.440800E+00
   6.29140  1.455500E+00
   6.29910  1.467500E+00
   6.30680  1.473900E+00
   6.31440  1.473500E+00
   6.32210  1.466100E+00
   6.32990  1.454300E+00
   6.33760  1.442000E+00
   6.34540  1.433000E+00
   6.35310  1.429900E+00
   6.36090  1.431800E+00
   6.36870  1.433700E+00
   6.37660  1.430400E+00
   6.38440  1.417800E+00
   6.39230  1.396300E+00
   6.40020  1.372100E+00
   6.40810  1.354600E+00
   6.41600  1.352200E+00
   6.42400  1.368300E+00
   6.43200  1.398200E+00
   6.43990  1.430800E+00
   6.44800  1.452600E+00
   6.45600  1.454000E+00
   6.46400  1.433200E+00
   6.47210  1.397200E+00
   6.48020  1.358600E+00
   6.48830  1.330900E+00
   6.49640  1.322100E+00
   6.50460  1.333300E+00
   6.51280  1.357000E+00
   6.52090  1.382500E+00
   6.52920  1.400100E+00
   6.53740  1.404100E+00
   6.54560  1.395100E+00
   6.55390  1.378300E+00
   6.56220  1.361000E+00
   6.57050  1.349100E+00
   6.57890  1.345400E+00
   6.58720  1.348000E+00
   6.59560  1.352500E+00
   6.60400  1.355800E+00
   6.61240  1.356200E+00
   6.62090  1.355500E+00
   6.62940  1.356700E+00
   6.63780  1.362200E+00
   6.64640  1.372600E+00
   6.65490  1.384700E+00
   6.66340  1.394400E+00
   6.67200  1.398600E+00
   6.68060  1.397200E+00
   6.68920  1.392000E+00
   6.69790  1.387000E+00
   6.70650  1.385400E+00
   6.71520  1.388700E+00
   6.72390  1.394100E+00
   6.73270  1.397900E+00
   6.74140  1.395300E+00
   6.75020  1.383500E+00
   6.75900  1.362600E+00
   6.76780  1.336100E+00
   6.77670  1.308900E+00
   6.78550  1.285900E+00
   6.79440  1.270300E+00
   6.80340  1.261300E+00
   6.81230  1.255600E+00
   6.82130  1.248700E+00
   6.83020  1.237800E+00
   6.83930  1.223200E+00
   6.84830  1.206600E+00
   6.85730  1.193100E+00
   6.86640  1.186200E+00
   6.87550  1.187200E+00
   6.88470  1.194300E+00
   6.89380  1.204200E+00
   6.90300  1.212700E+00
   6.91220  1.216500E+00
   6.92140  1.213900E+00
   6.93070  1.205900E+00
   6.94000  1.195400E+00
   6.94930  1.185700E+00
   6.95860  1.179600E+00
   6.96790  1.178200E+00
   6.97730  1.181000E+00
   6.98670  1.185300E+00
   6.99620  1.187600E+00
   7.00560  1.186400E+00
   7.01510  1.181500E+00
   7.02460  1.174800E+00
   7.03410  1.168900E+00
   7.04370  1.166100E+00
   7.05330  1.167000E+00
   7.06290  1.171100E+00
   7.07250  1.176300E+00
   7.08220  1.181000E+00
   7.09190  1.183400E+00
   7.10160  1.182900E+00
   7.11130  1.178900E+00
   7.12110  1.171300E+00
   7.13090  1.161100E+00
   7.14070  1.149700E+00
   7.15060  1.138800E+00
   7.16040  1.130100E+00
   7.17030  1.124600E+00
   7.18030  1.123000E+00
   7.19020  1.124200E+00
   7.20020  1.126500E+00
   7.21020  1.128700E+00
   7.22030  1.130100E+00
   7.23030  1.130100E+00
   7.24040  1.128200E+00
   7.25060  1.125300E+00
   7.26070  1.122000E+00
   7.27090  1.118700E+00
   7.28110  1.116100E+00
   7.29140  1.114200E+00
   7.30160  1.113500E+00
   7.31190  1.114000E+00
   7.32230  1.115900E+00
   7.33260  1.119000E+00
   7.34300  1.123000E+00
   7.35340  1.128000E+00
   7.36390  1.133400E+00
   7.37430  1.139600E+00
   7.38480  1.147100E+00
   7.39540  1.155900E+00
   7.40590  1.165100E+00
   7.41650  1.173700E+00
   7.42720  1.179600E+00
   7.43780  1.182200E+00
   7.44850  1.181700E+00
   7.45920  1.180300E+00
   7.47000  1.181200E+00
   7.48070  1.187900E+00
   7.49160  1.201600E+00
   7.50240  1.222000E+00
   7.51330  1.246600E+00
   7.52420  1.273100E+00
   7.53510  1.298700E+00
   7.54610  1.322400E+00
   7.55710  1.344400E+00
   7.56810  1.366000E+00
   7.57920  1.388200E+00
   7.59030  1.411900E+00
   7.60140  1.437900E+00
   7.61260  1.466800E+00
   7.62380  1.499300E+00
   7.63500  1.535300E+00
   7.64620  1.575300E+00
   7.65750  1.619300E+00
   7.66890  1.666700E+00
   7.68020  1.717200E+00
   7.69160  1.771100E+00
   7.70310  1.828500E+00
   7.71450  1.889100E+00
   7.72600  1.952300E+00
   7.73750  2.016700E+00
   7.74910  2.080700E+00
   7.76070  2.142500E+00
   7.77230  2.201700E+00
   7.78400  2.259900E+00
   7.79570  2.319600E+00
   7.80750  2.384700E+00
   7.81920  2.459300E+00
   7.83100  2.547900E+00
   7.84290  2.653300E+00
   7.85480  2.778100E+00
   7.86670  2.923300E+00
   7.87860  3.090000E+00
   7.89060  3.277500E+00
   7.90270  3.485200E+00
   7.91470  3.711900E+00
   7.92680  3.955100E+00
   7.93900  4.212500E+00
   7.95120  4.481300E+00
   7.96340  4.759300E+00
   7.97560  5.046100E+00
   7.98790  5.341400E+00
   8.00020  5.646900E+00
   8.01260  5.964700E+00
   8.02500  6.297600E+00
   8.03740  6.649300E+00
   8.04990  7.023200E+00
   8.06240  7.424200E+00
   8.07500  7.855700E+00
   8.08760  8.318600E+00
   8.10020  8.809300E+00
   8.11290  9.317800E+00
   8.12560  9.827400E+00
   8.13840  1.031550E+01
   8.15120  1.075880E+01
   8.16400  1.113770E+01
   8.17690  1.144010E+01
   8.18980  1.166290E+01
   8.20280  1.181240E+01
   8.21580  1.189950E+01
   8.22880  1.193760E+01
   8.24190  1.193720E+01
   8.25500  1.190690E+01
   8.26820  1.185410E+01
   8.28140  1.178510E+01
   8.29460  1.170750E+01
   8.30790  1.162840E+01
   8.32130  1.155380E+01
   8.33470  1.148700E+01
   8.34810  1.142730E+01
   8.36150  1.137240E+01
   8.37500  1.131860E+01
   8.38860  1.126270E+01
   8.40220  1.120330E+01
   8.41580  1.114080E+01
   8.42950  1.107730E+01
   8.44320  1.101500E+01
   8.45700  1.095770E+01
   8.47080  1.090700E+01
   8.48470  1.086250E+01
   8.49860  1.081590E+01
   8.51260  1.075070E+01
   8.52660  1.064200E+01
   8.54060  1.046420E+01
   8.55470  1.019990E+01
   8.56880  9.855800E+00
   8.58300  9.467700E+00
   8.59730  9.097000E+00
   8.61160  8.814500E+00
   8.62590  8.678800E+00
   8.64030  8.715300E+00
   8.65470  8.907800E+00
   8.66920  9.204100E+00
   8.68370  9.536800E+00
   8.69820  9.845600E+00
   8.71290  1.009260E+01
   8.72750  1.026760E+01
   8.74220  1.038180E+01
   8.75700  1.045610E+01
   8.77180  1.050850E+01
   8.78670  1.055040E+01
   8.80160  1.058450E+01
   8.81660  1.061010E+01
   8.83160  1.062550E+01
   8.84670  1.062900E+01
   8.86180  1.062050E+01
   8.87700  1.059940E+01
   8.89220  1.056480E+01
   8.90750  1.051680E+01
   8.92280  1.045680E+01
   8.93820  1.038910E+01
   8.95360  1.032110E+01
   8.96910  1.026170E+01
   8.98470  1.022000E+01
   9.00030  1.020300E+01
   9.01590  1.021460E+01
   9.03160  1.025460E+01
   9.04740  1.031850E+01
   9.06320  1.040020E+01
   9.07910  1.049140E+01
   9.09500  1.058520E+01
   9.11100  1.067570E+01
   9.12700  1.076090E+01
   9.14310  1.084120E+01
   9.15930  1.091770E+01
   9.17550  1.099250E+01
   9.19180  1.106710E+01
   9.20810  1.114050E+01
   9.22450  1.120920E+01
   9.24090  1.126700E+01
   9.25740  1.130630E+01
   9.27400  1.131770E+01
   9.29060  1.129070E+01
   9.30730  1.121610E+01
   9.32400  1.108840E+01
   9.34080  1.090730E+01
   9.35770  1.067830E+01
   9.37460  1.041370E+01
   9.39160  1.013070E+01
   9.40860  9.847700E+00
   9.42570  9.580600E+00
   9.44290  9.339500E+00
   9.46010  9.128800E+00
   9.47740  8.946400E+00
   9.49480  8.785600E+00
   9.51220  8.639300E+00
   9.52970  8.500700E+00
   9.54720  8.366500E+00
   9.56490  8.234300E+00
   9.58250  8.103400E+00
   9.60030  7.974300E+00
   9.61810  7.846400E+00
   9.63600  7.719200E+00
   9.65390  7.591400E+00
   9.67190  7.463000E+00
   9.69000  7.334900E+00
   9.70820  7.209100E+00
   9.72640  7.089600E+00
   9.74470  6.979400E+00
   9.76300  6.881400E+00
   9.78140  6.796100E+00
   9.79990  6.722300E+00
   9.81850  6.656900E+00
   9.83710  6.596500E+00
   9.85580  6.537300E+00
   9.87460  6.475700E+00
   9.89340  6.408900E+00
   9.91230  6.334800E+00
   9.93130  6.251900E+00
   9.95040  6.159300E+00
   9.96950  6.057700E+00
   9.98870  5.948300E+00
  10.00800  5.833700E+00
  10.02740  5.716500E+00
  10.04680  5.599300E+00
  10.06630  5.484400E+00
  10.08590  5.372900E+00
  10.10560  5.264700E+00
  10.12530  5.158600E+00
  10.14510  5.054100E+00
  10.16500  4.950600E+00
  10.18500  4.848600E+00
  10.20500  4.749800E+00
  10.22510  4.655600E+00
  10.24540  4.566800E+00
  10.26560  4.483400E+00
  10.28600  4.404800E+00
  10.30650  4.329500E+00
  10.32700  4.256500E+00
  10.34760  4.186400E+00
  10.36830  4.119400E+00
  10.38910  4.056200E+00
  10.40990  3.996700E+00
  10.43090  3.940900E+00
  10.45190  3.888000E+00
  10.47300  3.837600E+00
  10.49420  3.788600E+00
  10.51550  3.741000E+00
  10.53690  3.694800E+00
  10.55840  3.650800E+00
  10.57990  3.609800E+00
  10.60150  3.572600E+00
  10.62330  3.539700E+00
  10.64510  3.511300E+00
  10.66700  3.486900E+00
  10.68900  3.465100E+00
  10.71110  3.444500E+00
  10.73320  3.424400E+00
  10.75550  3.404200E+00
  10.77790  3.384800E+00
  10.80030  3.367500E+00
  10.82290  3.354500E+00
  10.84550  3.347600E+00
  10.86820  3.347400E+00
  10.89110  3.352800E+00
  10.91400  3.362300E+00
  10.93700  3.372300E+00
  10.96020  3.379400E+00
  10.98340  3.380500E+00
  11.00670  3.374400E+00
  11.03010  3.359900E+00
  11.05360  3.337700E+00
  11.07730  3.308800E+00
  11.10100  3.274200E+00
  11.12480  3.236100E+00
  11.14870  3.196800E+00
  11.17270  3.158600E+00
  11.19690  3.125000E+00
  11.22110  3.098300E+00
  11.24550  3.079100E+00
  11.26990  3.066800E+00
  11.29440  3.059400E+00
  11.31910  3.053300E+00
  11.34390  3.044500E+00
  11.36880  3.031000E+00
  11.39370  3.010900E+00
  11.41880  2.984800E+00
  11.44400  2.954800E+00
  11.46940  2.923300E+00
  11.49480  2.892700E+00
  11.52030  2.864500E+00
  11.54600  2.839200E+00
  11.57180  2.816200E+00
  11.59770  2.795100E+00
  11.62370  2.775200E+00
  11.64980  2.756100E+00
  11.67600  2.735200E+00
  11.70240  2.710400E+00
  11.72890  2.679600E+00
  11.75550  2.641200E+00
  11.78220  2.595500E+00
  11.80900  2.545300E+00
  11.83600  2.494600E+00
  11.86310  2.446100E+00
  11.89030  2.401100E+00
  11.91760  2.358700E+00
  11.94500  2.317000E+00
  11.97260  2.273400E+00
  12.00030  2.227000E+00
  12.02820  2.178900E+00
  12.05620  2.130400E+00
  12.08430  2.081400E+00
  12.11250  2.029500E+00
  12.14090  1.971500E+00
  12.16940  1.906100E+00
  12.19800  1.837000E+00
  12.22680  1.776800E+00
  12.25570  1.747200E+00
  12.28470  1.772300E+00
  12.31390  1.872300E+00
  12.34320  2.052700E+00
  12.37270  2.299500E+00
  12.40230  2.579400E+00
  12.43200  2.847700E+00
  12.46190  3.061100E+00
  12.49190  3.190900E+00
  12.52210  3.232300E+00
  12.55240  3.206000E+00
  12.58290  3.151800E+00
  12.61350  3.115100E+00
  12.64430  3.131400E+00
  12.67520  3.215000E+00
  12.70630  3.355200E+00
  12.73750  3.519100E+00
  12.76880  3.665000E+00
  12.80040  3.756400E+00
  12.83210  3.772900E+00
  12.86390  3.714900E+00
  12.89590  3.600100E+00
  12.92810  3.455600E+00
  12.96040  3.309500E+00
  12.99290  3.181100E+00
  13.02550  3.079600E+00
  13.05830  3.003300E+00
  13.09130  2.946000E+00
  13.12440  2.898600E+00
  13.15770  2.853400E+00
  13.19120  2.805600E+00
  13.22490  2.755100E+00
  13.25870  2.704900E+00
  13.29270  2.659200E+00
  13.32690  2.622000E+00
  13.36120  2.593400E+00
  13.39570  2.570200E+00
  13.43040  2.546500E+00
  13.46530  2.517400E+00
  13.50040  2.480900E+00
  13.53560  2.440200E+00
  13.57110  2.402300E+00
  13.60670  2.375700E+00
  13.64250  2.365300E+00
  13.67850  2.371000E+00
  13.71470  2.387300E+00
  13.75110  2.407000E+00
  13.78760  2.422600E+00
  13.82440  2.430200E+00
  13.86140  2.430200E+00
  13.89850  2.425200E+00
  13.93590  2.412200E+00
  13.97340  2.383600E+00
  14.01120  2.327000E+00
  14.04920  2.231300E+00
  14.08740  2.090800E+00
  14.12580  1.914700E+00
  14.16430  1.731400E+00
  14.20320  1.581700E+00
  14.24220  1.501200E+00
  14.28140  1.511600E+00
  14.32090  1.615100E+00
  14.36050  1.788900E+00
  14.40040  1.989700E+00
  14.44050  2.172500E+00
  14.48090  2.309400E+00
  14.52140  2.393000E+00
  14.56220  2.434000E+00
  14.60330  2.459600E+00
  14.64450  2.506000E+00
  14.68600  2.598100E+00
  14.72770  2.739200E+00
  14.76970  2.917100E+00
  14.81190  3.106500E+00
  14.85430  3.263800E+00
  14.89700  3.337200E+00
  14.93990  3.296500E+00
  14.98310  3.147000E+00
