2825
   0.40000  2.783300
   0.40100  2.784700
   0.40200  2.786100
   0.40300  2.787500
   0.40400  2.788900
   0.40500  2.789500
   0.40600  2.790800
   0.40700  2.792200
   0.40800  2.794300
   0.40900  2.797300
   0.41000  2.798900
   0.41100  2.799500
   0.41200  2.800100
   0.41300  2.800700
   0.41400  2.801200
   0.41500  2.802500
   0.41600  2.803800
   0.41700  2.805200
   0.41800  2.806700
   0.41900  2.808100
   0.42000  2.811200
   0.42100  2.814300
   0.42200  2.815500
   0.42300  2.815800
   0.42400  2.816100
   0.42500  2.817100
   0.42600  2.818200
   0.42700  2.818500
   0.42800  2.817800
   0.42900  2.817100
   0.43000  2.816400
   0.43100  2.816500
   0.43200  2.816800
   0.43300  2.817000
   0.43400  2.817100
   0.43500  2.817200
   0.43600  2.817200
   0.43700  2.818100
   0.43800  2.818100
   0.43900  2.818100
   0.44000  2.818000
   0.44100  2.816200
   0.44200  2.816200
   0.44300  2.816100
   0.44400  2.816100
   0.44500  2.814200
   0.44600  2.812400
   0.44700  2.812400
   0.44800  2.813200
   0.44900  2.814100
   0.45000  2.814900
   0.45100  2.815600
   0.45200  2.816400
   0.45300  2.818900
   0.45400  2.819500
   0.45500  2.821200
   0.45600  2.820200
   0.45700  2.821000
   0.45800  2.819900
   0.45900  2.818800
   0.46000  2.815900
   0.46100  2.813100
   0.46200  2.811200
   0.46300  2.807700
   0.46400  2.805000
   0.46500  2.803900
   0.46600  2.803900
   0.46700  2.804800
   0.46800  2.802900
   0.46900  2.803800
   0.47000  2.801200
   0.47100  2.800300
   0.47200  2.798500
   0.47300  2.798700
   0.47400  2.798800
   0.47500  2.797100
   0.47600  2.793600
   0.47700  2.793800
   0.47800  2.793100
   0.47900  2.789800
   0.48000  2.787400
   0.48100  2.785700
   0.48200  2.786700
   0.48300  2.787700
   0.48400  2.787900
   0.48500  2.788100
   0.48600  2.787500
   0.48700  2.786900
   0.48800  2.785500
   0.48900  2.785000
   0.49000  2.783500
   0.49100  2.781200
   0.49200  2.778900
   0.49300  2.777400
   0.49400  2.775200
   0.49500  2.772100
   0.49600  2.769000
   0.49700  2.768500
   0.49800  2.766300
   0.49900  2.764000
   0.50000  2.762800
   0.50100  2.763300
   0.50200  2.761300
   0.50300  2.760100
   0.50400  2.758900
   0.50500  2.757600
   0.50600  2.756400
   0.50700  2.754300
   0.50800  2.750500
   0.50900  2.749000
   0.51000  2.745500
   0.51100  2.742600
   0.51200  2.741500
   0.51300  2.740400
   0.51400  2.739200
   0.51500  2.737100
   0.51600  2.735200
   0.51700  2.733200
   0.51800  2.731100
   0.51900  2.729800
   0.52000  2.727600
   0.52100  2.723900
   0.52200  2.719400
   0.52300  2.716800
   0.52400  2.716300
   0.52500  2.715800
   0.52600  2.714600
   0.52700  2.713500
   0.52800  2.713200
   0.52900  2.712800
   0.53000  2.713200
   0.53100  2.713800
   0.53200  2.713600
   0.53300  2.712400
   0.53400  2.712900
   0.53500  2.712600
   0.53600  2.712400
   0.53700  2.712300
   0.53800  2.710600
   0.53900  2.710600
   0.54000  2.710700
   0.54100  2.710700
   0.54200  2.711600
   0.54300  2.711500
   0.54400  2.712400
   0.54500  2.712300
   0.54600  2.714000
   0.54700  2.716600
   0.54800  2.715500
   0.54900  2.713500
   0.55000  2.711400
   0.55100  2.710100
   0.55200  2.708700
   0.55300  2.707200
   0.55400  2.704900
   0.55500  2.703500
   0.55600  2.702000
   0.55700  2.701400
   0.55800  2.700000
   0.55900  2.700400
   0.56000  2.700800
   0.56100  2.702900
   0.56200  2.703300
   0.56300  2.703700
   0.56400  2.704100
   0.56500  2.704700
   0.56600  2.704400
   0.56700  2.703000
   0.56800  2.701700
   0.56900  2.699700
   0.57000  2.698500
   0.57100  2.699100
   0.57200  2.698900
   0.57300  2.698800
   0.57400  2.698400
   0.57500  2.696300
   0.57600  2.695200
   0.57700  2.694000
   0.57800  2.691900
   0.57900  2.689900
   0.58000  2.691300
   0.58100  2.693000
   0.58200  2.692900
   0.58300  2.691800
   0.58400  2.691800
   0.58500  2.690900
   0.58600  2.690800
   0.58700  2.689900
   0.58800  2.688700
   0.58900  2.688500
   0.59000  2.686500
   0.59100  2.686200
   0.59200  2.686800
   0.59300  2.687400
   0.59400  2.685600
   0.59500  2.685300
   0.59600  2.685900
   0.59700  2.686600
   0.59800  2.685700
   0.59900  2.685700
   0.60000  2.684800
   0.60100  2.683900
   0.60200  2.682100
   0.60300  2.681300
   0.60400  2.679500
   0.60500  2.677700
   0.60600  2.676100
   0.60700  2.675400
   0.60800  2.675500
   0.60900  2.677300
   0.61000  2.676200
   0.61100  2.676200
   0.61200  2.677000
   0.61300  2.676900
   0.61400  2.676800
   0.61500  2.676700
   0.61600  2.676700
   0.61700  2.675900
   0.61800  2.675100
   0.61900  2.675300
   0.62000  2.674700
   0.62100  2.674700
   0.62200  2.674800
   0.62300  2.676600
   0.62400  2.678200
   0.62500  2.678800
   0.62600  2.678500
   0.62700  2.678000
   0.62800  2.677500
   0.62900  2.677000
   0.63000  2.677500
   0.63100  2.677200
   0.63200  2.674200
   0.63300  2.673800
   0.63400  2.674200
   0.63500  2.672800
   0.63600  2.672400
   0.63700  2.671900
   0.63800  2.669800
   0.63900  2.668300
   0.64000  2.666100
   0.64100  2.665400
   0.64200  2.664100
   0.64300  2.661900
   0.64400  2.659700
   0.64500  2.656700
   0.64600  2.655600
   0.64700  2.653600
   0.64800  2.650800
   0.64900  2.651000
   0.65000  2.652100
   0.65100  2.653300
   0.65200  2.653800
   0.65300  2.654400
   0.65400  2.653500
   0.65500  2.653400
   0.65600  2.651700
   0.65700  2.652500
   0.65800  2.654100
   0.65900  2.653200
   0.66000  2.653900
   0.66100  2.653100
   0.66200  2.650400
   0.66300  2.651300
   0.66400  2.652100
   0.66500  2.652800
   0.66600  2.651700
   0.66700  2.649700
   0.66800  2.648700
   0.66900  2.647700
   0.67000  2.646600
   0.67100  2.646100
   0.67200  2.645000
   0.67300  2.647200
   0.67400  2.647900
   0.67500  2.645900
   0.67600  2.645700
   0.67700  2.647300
   0.67800  2.647200
   0.67900  2.647000
   0.68000  2.647700
   0.68100  2.648400
   0.68200  2.648900
   0.68300  2.649400
   0.68400  2.649300
   0.68500  2.649000
   0.68600  2.650400
   0.68700  2.649900
   0.68800  2.649500
   0.68900  2.650300
   0.69000  2.650800
   0.69100  2.652300
   0.69200  2.653800
   0.69300  2.653700
   0.69400  2.654400
   0.69500  2.656900
   0.69600  2.656700
   0.69700  2.657500
   0.69800  2.658100
   0.69900  2.658700
   0.70000  2.658400
   0.70100  2.658900
   0.70200  2.659600
   0.70300  2.661000
   0.70400  2.662600
   0.70500  2.664200
   0.70600  2.664900
   0.70700  2.665500
   0.70800  2.666700
   0.70900  2.666500
   0.71000  2.666200
   0.71100  2.665000
   0.71200  2.664700
   0.71300  2.663500
   0.71400  2.663300
   0.71500  2.663200
   0.71600  2.662300
   0.71700  2.662000
   0.71800  2.663400
   0.71900  2.663900
   0.72000  2.663600
   0.72100  2.663300
   0.72200  2.663100
   0.72300  2.661800
   0.72400  2.659800
   0.72500  2.658600
   0.72600  2.657500
   0.72700  2.657000
   0.72800  2.656600
   0.72900  2.656300
   0.73000  2.656900
   0.73100  2.656800
   0.73200  2.657400
   0.73300  2.660600
   0.73400  2.660400
   0.73500  2.660200
   0.73600  2.659800
   0.73700  2.659500
   0.73800  2.659300
   0.73900  2.660800
   0.74000  2.661500
   0.74100  2.660700
   0.74200  2.660600
   0.74300  2.661500
   0.74400  2.664900
   0.74500  2.666400
   0.74600  2.667800
   0.74700  2.668300
   0.74800  2.669800
   0.74900  2.671100
   0.75000  2.671300
   0.75100  2.670700
   0.75200  2.670400
   0.75300  2.670000
   0.75400  2.669400
   0.75500  2.669600
   0.75600  2.667300
   0.75700  2.666800
   0.75800  2.663700
   0.75900  2.660900
   0.76000  2.660500
   0.76100  2.659400
   0.76200  2.660400
   0.76300  2.661400
   0.76400  2.660100
   0.76500  2.658000
   0.76600  2.655700
   0.76700  2.654800
   0.76800  2.654100
   0.76900  2.653400
   0.77000  2.652800
   0.77100  2.652800
   0.77200  2.651100
   0.77300  2.649700
   0.77400  2.644900
   0.77500  2.641700
   0.77600  2.640500
   0.77700  2.639700
   0.77800  2.637300
   0.77900  2.636800
   0.78000  2.636300
   0.78100  2.634800
   0.78200  2.632400
   0.78300  2.630000
   0.78400  2.627700
   0.78500  2.626200
   0.78600  2.624000
   0.78700  2.621800
   0.78800  2.620400
   0.78900  2.620000
   0.79000  2.618500
   0.79100  2.616200
   0.79200  2.613800
   0.79300  2.610600
   0.79400  2.609200
   0.79500  2.607400
   0.79600  2.605300
   0.79700  2.605400
   0.79800  2.605000
   0.79900  2.604600
   0.80000  2.604000
   0.80400  2.599700
   0.80800  2.596300
   0.81200  2.594400
   0.81600  2.594100
   0.82000  2.595700
   0.82400  2.592600
   0.82800  2.591700
   0.83200  2.589500
   0.83600  2.589300
   0.84000  2.590100
   0.84400  2.587900
   0.84800  2.581100
   0.85200  2.573100
   0.85600  2.567800
   0.86000  2.570800
   0.86400  2.566900
   0.86800  2.567500
   0.87200  2.571400
   0.87600  2.573000
   0.88000  2.574100
   0.88400  2.572200
   0.88800  2.573400
   0.89200  2.573300
   0.89600  2.568200
   0.90000  2.559400
   0.90400  2.549100
   0.90800  2.540100
   0.91200  2.534000
   0.91600  2.528000
   0.92000  2.519000
   0.92400  2.514600
   0.92800  2.509200
   0.93200  2.503000
   0.93600  2.493400
   0.94000  2.480800
   0.94400  2.472800
   0.94800  2.463800
   0.95200  2.459900
   0.95600  2.454600
   0.96000  2.451200
   0.96400  2.448200
   0.96800  2.444600
   0.97200  2.435400
   0.97600  2.431000
   0.98000  2.426000
   0.98400  2.425900
   0.98800  2.423200
   0.99200  2.416800
   0.99600  2.415900
   1.00000  2.414600
   1.00400  2.420200
   1.00800  2.423700
   1.01200  2.421100
   1.01600  2.417600
   1.02000  2.415100
   1.02400  2.414500
   1.02800  2.411900
   1.03200  2.412200
   1.03600  2.412100
   1.04000  2.415600
   1.04400  2.421100
   1.04800  2.423700
   1.05200  2.424600
   1.05600  2.427500
   1.06000  2.427000
   1.06400  2.418900
   1.06800  2.408500
   1.07200  2.403700
   1.07600  2.399800
   1.08000  2.399000
   1.08400  2.397700
   1.08800  2.392700
   1.09200  2.391000
   1.09600  2.389400
   1.10000  2.384400
   1.10400  2.374100
   1.10800  2.363500
   1.11200  2.353300
   1.11600  2.351200
   1.12000  2.345900
   1.12400  2.338100
   1.12800  2.332200
   1.13200  2.324700
   1.13600  2.319300
   1.14000  2.314400
   1.14400  2.306000
   1.14800  2.299900
   1.15200  2.294300
   1.15600  2.283300
   1.16000  2.274000
   1.16400  2.268900
   1.16800  2.274700
   1.17200  2.281100
   1.17600  2.285700
   1.18000  2.285800
   1.18400  2.280900
   1.18800  2.273100
   1.19200  2.268600
   1.19600  2.263900
   1.20000  2.262400
   1.20400  2.261800
   1.20800  2.260500
   1.21200  2.261600
   1.21600  2.255300
   1.22000  2.251200
   1.22400  2.252600
   1.22800  2.248200
   1.23200  2.244700
   1.23600  2.239400
   1.24000  2.228600
   1.24400  2.220900
   1.24800  2.216100
   1.25200  2.211600
   1.25600  2.211600
   1.26000  2.213500
   1.26400  2.211700
   1.26800  2.202400
   1.27200  2.190100
   1.27600  2.176400
   1.28000  2.170700
   1.28400  2.165500
   1.28800  2.166100
   1.29200  2.165400
   1.29600  2.163900
   1.30000  2.162700
   1.30400  2.161100
   1.30800  2.157300
   1.31200  2.159300
   1.31600  2.161900
   1.32000  2.164100
   1.32400  2.160300
   1.32800  2.158500
   1.33200  2.161700
   1.33600  2.163800
   1.34000  2.165400
   1.34400  2.165100
   1.34800  2.164900
   1.35200  2.165900
   1.35600  2.162600
   1.36000  2.157600
   1.36400  2.149900
   1.36800  2.154800
   1.37200  2.158700
   1.37600  2.165300
   1.38000  2.158600
   1.38400  2.152300
   1.38800  2.150800
   1.39200  2.143600
   1.39600  2.135900
   1.40000  2.129600
   1.40400  2.127300
   1.40800  2.123300
   1.41200  2.122200
   1.41600  2.117400
   1.42000  2.112900
   1.42400  2.109600
   1.42800  2.115300
   1.43200  2.117500
   1.43600  2.110200
   1.44000  2.108600
   1.44400  2.106800
   1.44800  2.100200
   1.45200  2.096900
   1.45600  2.098500
   1.46000  2.097000
   1.46400  2.107800
   1.46800  2.110200
   1.47200  2.113300
   1.47600  2.112900
   1.48000  2.114500
   1.48400  2.117500
   1.48800  2.111400
   1.49200  2.109500
   1.49600  2.109800
   1.50000  2.112700
   1.50400  2.110400
   1.50800  2.115600
   1.51200  2.115900
   1.51600  2.114500
   1.52000  2.111200
   1.52400  2.107500
   1.52800  2.098400
   1.53200  2.091200
   1.53600  2.093400
   1.54000  2.096500
   1.54400  2.095600
   1.54800  2.098800
   1.55200  2.102400
   1.55600  2.101700
   1.56000  2.101100
   1.56400  2.095300
   1.56800  2.093900
   1.57200  2.090800
   1.57600  2.086300
   1.58000  2.085400
   1.58400  2.089100
   1.58800  2.093700
   1.59200  2.094400
   1.59600  2.097400
   1.60000  2.098800
   1.60400  2.103700
   1.60800  2.100700
   1.61200  2.097000
   1.61600  2.097500
   1.62000  2.106000
   1.62400  2.108800
   1.62800  2.109000
   1.63200  2.109400
   1.63600  2.106100
   1.64000  2.102400
   1.64400  2.101400
   1.64800  2.104100
   1.65200  2.101500
   1.65600  2.101700
   1.66000  2.108000
   1.66400  2.114700
   1.66800  2.117300
   1.67200  2.114600
   1.67600  2.114400
   1.68000  2.118000
   1.68400  2.120400
   1.68800  2.113300
   1.69200  2.112600
   1.69600  2.113200
   1.70000  2.113500
   1.70400  2.111900
   1.70800  2.117000
   1.71200  2.119600
   1.71600  2.120800
   1.72000  2.120900
   1.72400  2.119300
   1.72800  2.119100
   1.73200  2.116300
   1.73600  2.112800
   1.74000  2.109200
   1.74400  2.106600
   1.74800  2.109500
   1.75200  2.111200
   1.75600  2.107600
   1.76000  2.098600
   1.76400  2.089400
   1.76800  2.086000
   1.77200  2.086800
   1.77600  2.080000
   1.78000  2.070800
   1.78400  2.063700
   1.78800  2.059200
   1.79200  2.056300
   1.79600  2.051400
   1.80000  2.050600
   1.80400  2.045200
   1.80800  2.039200
   1.81200  2.038700
   1.81600  2.037400
   1.82000  2.026600
   1.82400  2.025500
   1.82800  2.025200
   1.83200  2.021700
   1.83600  2.018400
   1.84000  2.013400
   1.84400  2.003900
   1.84800  1.994600
   1.85200  1.984400
   1.85600  1.980800
   1.86000  1.980700
   1.86400  1.976500
   1.86800  1.965500
   1.87200  1.954000
   1.87600  1.941100
   1.88000  1.936000
   1.88400  1.923200
   1.88800  1.927900
   1.89200  1.927900
   1.89600  1.927400
   1.90000  1.921200
   1.90400  1.918200
   1.90800  1.917900
   1.91200  1.908200
   1.91600  1.899900
   1.92000  1.898400
   1.92400  1.890700
   1.92800  1.879700
   1.93200  1.880600
   1.93600  1.885300
   1.94000  1.880200
   1.94400  1.885400
   1.94800  1.881600
   1.95200  1.882200
   1.95600  1.881100
   1.96000  1.872800
   1.96400  1.872100
   1.96800  1.876500
   1.97200  1.883100
   1.97600  1.891900
   1.98000  1.895600
   1.98400  1.898900
   1.98800  1.894500
   1.99200  1.892900
   1.99600  1.893700
   2.00000  1.894100
   2.00400  1.894700
   2.00800  1.889800
   2.01200  1.889200
   2.01600  1.890700
   2.02000  1.892200
   2.02400  1.893700
   2.02800  1.900600
   2.03200  1.903500
   2.03600  1.899600
   2.04000  1.906500
   2.04400  1.910500
   2.04800  1.918000
   2.05200  1.921200
   2.05600  1.922900
   2.06000  1.930600
   2.06400  1.933900
   2.06800  1.936000
   2.07200  1.931200
   2.07600  1.930800
   2.07900  1.931700
   2.08000  1.932300
   2.08100  1.933500
   2.08200  1.935300
   2.08300  1.937100
   2.08400  1.938800
   2.08500  1.940000
   2.08600  1.940700
   2.08700  1.941000
   2.08800  1.941100
   2.08900  1.941100
   2.09000  1.941200
   2.09100  1.941300
   2.09200  1.941600
   2.09300  1.941900
   2.09400  1.942000
   2.09500  1.942100
   2.09600  1.942200
   2.09700  1.942300
   2.09800  1.942300
   2.09900  1.942400
   2.10000  1.942400
   2.10100  1.942400
   2.10200  1.942300
   2.10300  1.942100
   2.10400  1.942100
   2.10500  1.942000
   2.10600  1.941900
   2.10700  1.942000
   2.10800  1.942100
   2.10900  1.942300
   2.11000  1.942400
   2.11100  1.942400
   2.11200  1.942400
   2.11300  1.942300
   2.11400  1.942200
   2.11500  1.942200
   2.11600  1.942000
   2.11700  1.941800
   2.11800  1.941500
   2.11900  1.941200
   2.12000  1.940800
   2.12100  1.940600
   2.12200  1.940300
   2.12300  1.940100
   2.12400  1.939700
   2.12500  1.939400
   2.12600  1.939200
   2.12700  1.938800
   2.12800  1.938600
   2.12900  1.938500
   2.13000  1.938200
   2.13100  1.937700
   2.13200  1.937300
   2.13300  1.936900
   2.13400  1.936200
   2.13500  1.935500
   2.13600  1.934700
   2.13700  1.933900
   2.13800  1.933100
   2.13900  1.932300
   2.14000  1.931600
   2.14100  1.930900
   2.14200  1.930100
   2.14300  1.929300
   2.14400  1.928500
   2.14500  1.927700
   2.14600  1.927000
   2.14700  1.926300
   2.14800  1.925700
   2.14900  1.925000
   2.15000  1.924400
   2.15100  1.923600
   2.15200  1.922800
   2.15300  1.922000
   2.15400  1.921100
   2.15500  1.920300
   2.15600  1.919400
   2.15700  1.918700
   2.15800  1.917900
   2.15900  1.917300
   2.16000  1.916600
   2.16100  1.915900
   2.16200  1.915200
   2.16300  1.914400
   2.16400  1.913600
   2.16500  1.912700
   2.16600  1.911900
   2.16700  1.911000
   2.16800  1.910100
   2.16900  1.909300
   2.17000  1.908600
   2.17100  1.908000
   2.17200  1.907400
   2.17300  1.906900
   2.17400  1.906400
   2.17500  1.905800
   2.17600  1.905100
   2.17700  1.904300
   2.17800  1.903500
   2.17900  1.902700
   2.18000  1.902100
   2.18100  1.901400
   2.18200  1.900600
   2.18300  1.899900
   2.18400  1.899100
   2.18500  1.898400
   2.18600  1.897700
   2.18700  1.897100
   2.18800  1.896400
   2.18900  1.895800
   2.19000  1.895300
   2.19100  1.894700
   2.19200  1.894000
   2.19300  1.893300
   2.19400  1.892500
   2.19500  1.891900
   2.19600  1.891300
   2.19700  1.890700
   2.19800  1.890000
   2.19900  1.889400
   2.20000  1.888800
   2.20100  1.888200
   2.20200  1.887700
   2.20300  1.887200
   2.20400  1.886800
   2.20500  1.886300
   2.20600  1.885700
   2.20700  1.885100
   2.20800  1.884400
   2.20900  1.883500
   2.21000  1.882700
   2.21100  1.881900
   2.21200  1.881200
   2.21300  1.880600
   2.21400  1.880000
   2.21500  1.879400
   2.21600  1.878800
   2.21700  1.878200
   2.21800  1.877500
   2.21900  1.876900
   2.22000  1.876300
   2.22100  1.875800
   2.22200  1.875200
   2.22300  1.874600
   2.22400  1.874100
   2.22500  1.873600
   2.22600  1.872900
   2.22700  1.872200
   2.22800  1.871600
   2.22900  1.870800
   2.23000  1.870000
   2.23100  1.869300
   2.23200  1.868500
   2.23300  1.867800
   2.23400  1.867100
   2.23500  1.866400
   2.23600  1.865900
   2.23700  1.865300
   2.23800  1.864700
   2.23900  1.864000
   2.24000  1.863400
   2.24100  1.862700
   2.24200  1.861900
   2.24300  1.861200
   2.24400  1.860600
   2.24500  1.859900
   2.24600  1.859300
   2.24700  1.858600
   2.24800  1.857800
   2.24900  1.857000
   2.25000  1.856200
   2.25100  1.855300
   2.25200  1.854500
   2.25300  1.853800
   2.25400  1.853100
   2.25500  1.852300
   2.25600  1.851600
   2.25700  1.851000
   2.25800  1.850300
   2.25900  1.849600
   2.26000  1.848900
   2.26100  1.848300
   2.26200  1.847500
   2.26300  1.846800
   2.26400  1.846100
   2.26500  1.845300
   2.26600  1.844500
   2.26700  1.843700
   2.26800  1.842900
   2.26900  1.842100
   2.27000  1.841400
   2.27100  1.840600
   2.27200  1.839800
   2.27300  1.838900
   2.27400  1.838100
   2.27500  1.837300
   2.27600  1.836500
   2.27700  1.835700
   2.27800  1.835000
   2.27900  1.834200
   2.28000  1.833400
   2.28100  1.832600
   2.28200  1.831800
   2.28300  1.831100
   2.28400  1.830300
   2.28500  1.829600
   2.28600  1.828900
   2.28700  1.828200
   2.28800  1.827300
   2.28900  1.826400
   2.29000  1.825500
   2.29100  1.824600
   2.29200  1.823700
   2.29300  1.822900
   2.29400  1.822200
   2.29500  1.821500
   2.29600  1.820800
   2.29700  1.820000
   2.29800  1.819200
   2.29900  1.818300
   2.30000  1.817500
   2.30100  1.816700
   2.30200  1.815800
   2.30300  1.815000
   2.30400  1.814100
   2.30500  1.813100
   2.30600  1.812200
   2.30700  1.811200
   2.30800  1.810300
   2.30900  1.809400
   2.31000  1.808500
   2.31100  1.807700
   2.31200  1.806900
   2.31300  1.806100
   2.31400  1.805200
   2.31500  1.804200
   2.31600  1.803300
   2.31700  1.802400
   2.31800  1.801500
   2.32000  1.799700
   2.32100  1.798900
   2.32200  1.798000
   2.32300  1.797000
   2.32400  1.796000
   2.32500  1.795000
   2.32600  1.794100
   2.32700  1.793200
   2.32800  1.792400
   2.32900  1.791600
   2.33000  1.790800
   2.33100  1.790000
   2.33200  1.789300
   2.33300  1.788600
   2.33400  1.787900
   2.33500  1.787100
   2.33600  1.786400
   2.33700  1.785500
   2.33800  1.784700
   2.33900  1.783800
   2.34100  1.782200
   2.34300  1.780500
   2.34400  1.779600
   2.34500  1.778600
   2.34600  1.777600
   2.34700  1.776700
   2.34800  1.775800
   2.34900  1.775000
   2.35000  1.774100
   2.35100  1.773300
   2.35200  1.772500
   2.35300  1.771700
   2.35400  1.770800
   2.35500  1.770000
   2.35600  1.769300
   2.35700  1.768400
   2.35900  1.766500
   2.36000  1.765400
   2.36100  1.764400
   2.36200  1.763400
   2.36300  1.762400
   2.36400  1.761400
   2.36500  1.760500
   2.36600  1.759600
   2.36700  1.758700
   2.36800  1.757800
   2.36900  1.756900
   2.37000  1.756000
   2.37200  1.754000
   2.37300  1.752900
   2.37400  1.751800
   2.37500  1.750800
   2.37600  1.749700
   2.37700  1.748800
   2.37800  1.747800
   2.37900  1.746900
   2.38000  1.746100
   2.38100  1.745100
   2.38200  1.744100
   2.38400  1.742000
   2.38500  1.740900
   2.38600  1.739900
   2.38700  1.738900
   2.38800  1.737900
   2.38900  1.737000
   2.39000  1.736000
   2.39100  1.735000
   2.39200  1.734000
   2.39300  1.732900
   2.39400  1.731800
   2.39600  1.729500
   2.39700  1.728400
   2.39800  1.727300
   2.39900  1.726100
   2.40000  1.725000
   2.40100  1.723800
   2.40200  1.722600
   2.40300  1.721500
   2.40500  1.719200
   2.40600  1.718100
   2.40700  1.717000
   2.40800  1.715800
   2.40900  1.714700
   2.41000  1.713500
   2.41100  1.712300
   2.41200  1.711100
   2.41400  1.708600
   2.41500  1.707400
   2.41600  1.706100
   2.41700  1.704900
   2.41800  1.703700
   2.41900  1.702400
   2.42000  1.701200
   2.42100  1.700000
   2.42200  1.698700
   2.42400  1.696300
   2.42500  1.695100
   2.42600  1.693800
   2.42700  1.692600
   2.42800  1.691300
   2.42900  1.690000
   2.43000  1.688700
   2.43200  1.686100
   2.43300  1.684700
   2.43400  1.683200
   2.43500  1.681700
   2.43600  1.680200
   2.43700  1.678700
   2.43800  1.677300
   2.44000  1.674600
   2.44100  1.673300
   2.44200  1.671900
   2.44300  1.670500
   2.44400  1.669000
   2.44500  1.667500
   2.44600  1.666100
   2.44800  1.663200
   2.44900  1.661800
   2.45000  1.660300
   2.45100  1.658900
   2.45200  1.657400
   2.45400  1.654400
   2.45500  1.652900
   2.45600  1.651400
   2.45700  1.649900
   2.45800  1.648500
   2.45900  1.647000
   2.46000  1.645600
   2.46200  1.642600
   2.46300  1.641100
   2.46400  1.639400
   2.46500  1.637700
   2.46600  1.635900
   2.46700  1.634100
   2.46900  1.630600
   2.47000  1.628900
   2.47100  1.627200
   2.47200  1.625500
   2.47300  1.623900
   2.47400  1.622300
   2.47600  1.619000
   2.47700  1.617400
   2.47800  1.615700
   2.47900  1.613800
   2.48100  1.609600
   2.48200  1.607400
   2.48300  1.605100
   2.48400  1.602800
   2.48500  1.600600
   2.48600  1.598500
   2.48800  1.594400
   2.48900  1.592400
   2.49000  1.590300
   2.49100  1.588100
   2.49200  1.585900
   2.49400  1.581100
   2.49500  1.578600
   2.49600  1.576100
   2.49700  1.573600
   2.49800  1.571100
   2.50000  1.565700
   2.50100  1.562900
   2.50200  1.560100
   2.50300  1.557500
   2.50400  1.555100
   2.50600  1.551200
   2.50700  1.549400
   2.50800  1.547300
   2.50900  1.544700
   2.51100  1.536900
   2.51200  1.532200
   2.51300  1.527600
   2.51400  1.523400
   2.51500  1.519600
   2.51700  1.513200
   2.51800  1.510200
   2.51900  1.507300
   2.52000  1.504000
   2.52200  1.496600
   2.52300  1.492800
   2.52400  1.488900
   2.52500  1.485100
   2.52600  1.481200
   2.52800  1.474100
   2.52900  1.470800
   2.53000  1.467100
   2.53100  1.463200
   2.53300  1.454900
   2.53400  1.450200
   2.53500  1.445400
   2.53600  1.440800
   2.53800  1.432900
   2.53900  1.429700
   2.54000  1.426400
   2.54100  1.422600
   2.54300  1.412500
   2.54400  1.406800
   2.54500  1.401000
   2.54600  1.395500
   2.54700  1.390700
   2.54900  1.382800
   2.55000  1.379800
   2.55100  1.376400
   2.55300  1.368400
   2.55400  1.363500
   2.55500  1.358300
   2.55600  1.353200
   2.55800  1.343400
   2.55900  1.339300
   2.56000  1.335700
   2.56100  1.332500
   2.56300  1.325700
   2.56400  1.321800
   2.56500  1.317800
   2.56600  1.313500
   2.56800  1.303600
   2.56900  1.298500
   2.57000  1.293800
   2.57100  1.289800
   2.57300  1.283100
   2.57400  1.279900
   2.57500  1.276800
   2.57700  1.268800
   2.57800  1.264100
   2.57900  1.259400
   2.58000  1.254600
   2.58200  1.245900
   2.58300  1.242100
   2.58400  1.238900
   2.58600  1.233700
   2.58700  1.231300
   2.58800  1.229000
   2.59000  1.224400
   2.59100  1.222000
   2.59200  1.219400
   2.59300  1.216600
   2.59500  1.211300
   2.59600  1.208800
   2.59700  1.206400
   2.59900  1.201300
   2.60000  1.198600
   2.60100  1.196100
   2.60300  1.190500
   2.60400  1.187400
   2.60500  1.184000
   2.60600  1.180300
   2.60800  1.172400
   2.60900  1.168600
   2.61000  1.165400
   2.61200  1.160000
   2.61300  1.157500
   2.61400  1.154400
   2.61600  1.145900
   2.61700  1.140500
   2.61800  1.134700
   2.62000  1.123000
   2.62100  1.118200
   2.62200  1.114100
   2.62400  1.106100
   2.62500  1.102100
   2.62600  1.098000
   2.62700  1.093700
   2.62900  1.084600
   2.63000  1.080300
   2.63200  1.073300
   2.63300  1.070200
   2.63400  1.067600
   2.63600  1.062800
   2.63700  1.060300
   2.63800  1.057600
   2.64000  1.050300
   2.64100  1.046100
   2.64200  1.042200
   2.64400  1.035900
   2.64500  1.033400
   2.64600  1.030900
   2.64800  1.025200
   2.64900  1.021600
   2.65000  1.017600
   2.65200  1.008600
   2.65300  1.004600
   2.65500  0.998200
   2.65600  0.995500
   2.65700  0.992300
   2.65900  0.983900
   2.66000  0.978800
   2.66100  0.973000
   2.66300  0.961100
   2.66400  0.955800
   2.66500  0.951100
   2.66700  0.941800
   2.66800  0.937400
   2.67000  0.928200
   2.67100  0.922600
   2.67200  0.916100
   2.67400  0.902300
   2.67500  0.895600
   2.67600  0.889100
   2.67800  0.878700
   2.67900  0.874500
   2.68000  0.870400
   2.68200  0.862100
   2.68300  0.857600
   2.68500  0.846700
   2.68600  0.840300
   2.68800  0.825700
   2.68900  0.818000
   2.69000  0.810200
   2.69200  0.795300
   2.69300  0.788600
   2.69500  0.777000
   2.69600  0.771500
   2.69700  0.766000
   2.69900  0.755100
   2.70000  0.749700
   2.70100  0.744200
   2.70300  0.732800
   2.70400  0.727200
   2.70600  0.716400
   2.70700  0.711300
   2.70800  0.706300
   2.71000  0.696400
   2.71100  0.691800
   2.71300  0.683800
   2.71400  0.680200
   2.71600  0.674400
   2.71700  0.672200
   2.71900  0.668900
   2.72000  0.667600
   2.72100  0.666000
   2.72300  0.662100
   2.72400  0.660200
   2.72600  0.657100
   2.72700  0.655700
   2.72800  0.654400
   2.73000  0.651700
   2.73100  0.650000
   2.73300  0.646100
   2.73400  0.643800
   2.73600  0.639300
   2.73700  0.637300
   2.73900  0.633500
   2.74000  0.631800
   2.74100  0.630700
   2.74300  0.629800
   2.74400  0.630100
   2.74600  0.631400
   2.74700  0.632200
   2.74900  0.633100
   2.75000  0.633100
   2.75200  0.632600
   2.75300  0.632300
   2.75500  0.632200
   2.75600  0.632500
   2.75700  0.633300
   2.75900  0.637600
   2.76100  0.643600
   2.76200  0.646800
   2.76300  0.650100
   2.76500  0.656400
   2.76600  0.659300
   2.76800  0.665900
   2.76900  0.669900
   2.77100  0.679000
   2.77200  0.684500
   2.77400  0.696100
   2.77500  0.702100
   2.77700  0.713900
   2.77800  0.719500
   2.78000  0.730400
   2.78100  0.735900
   2.78300  0.747400
   2.78400  0.753300
   2.78600  0.766100
   2.78700  0.773200
   2.78900  0.789300
   2.79000  0.797700
   2.79200  0.815300
   2.79300  0.824300
   2.79500  0.841600
   2.79600  0.849900
   2.79800  0.866300
   2.79900  0.874600
   2.80100  0.891400
   2.80200  0.900200
   2.80400  0.919300
   2.80500  0.929400
   2.80700  0.950100
   2.80800  0.960500
   2.81000  0.982100
   2.81100  0.993000
   2.81300  1.015100
   2.81400  1.026700
   2.81600  1.050600
   2.81700  1.062700
   2.81900  1.087000
   2.82100  1.111700
   2.82200  1.124100
   2.82400  1.148900
   2.82500  1.161500
   2.82700  1.186800
   2.82800  1.199900
   2.83000  1.226700
   2.83100  1.240100
   2.83300  1.267400
   2.83400  1.281400
   2.83600  1.310200
   2.83700  1.325000
   2.83900  1.354600
   2.84100  1.384500
   2.84200  1.399700
   2.84400  1.429600
   2.84500  1.444500
   2.84700  1.474600
   2.84800  1.489600
   2.85000  1.520300
   2.85200  1.551700
   2.85300  1.567900
   2.85500  1.601300
   2.85600  1.618100
   2.85800  1.651700
   2.85900  1.668400
   2.86100  1.701700
   2.86300  1.735500
   2.86400  1.752500
   2.86600  1.786800
   2.86700  1.804200
   2.86900  1.839100
   2.87000  1.856500
   2.87200  1.891600
   2.87400  1.926900
   2.87500  1.944500
   2.87700  1.979500
   2.87800  1.997300
   2.88000  2.033000
   2.88200  2.069100
   2.88300  2.087400
   2.88500  2.124100
   2.88600  2.142600
   2.88800  2.179600
   2.89000  2.216000
   2.89100  2.234100
   2.89300  2.269900
   2.89500  2.305100
   2.89600  2.322700
   2.89800  2.358200
   2.89900  2.376000
   2.90100  2.411700
   2.90300  2.448000
   2.90400  2.466000
   2.90600  2.501700
   2.90800  2.537200
   2.90900  2.554700
   2.91100  2.589000
   2.91200  2.606100
   2.91400  2.640200
   2.91600  2.673500
   2.91700  2.690200
   2.91900  2.723300
   2.92100  2.756100
   2.92200  2.772200
   2.92400  2.804400
   2.92600  2.836300
   2.92700  2.851900
   2.92900  2.882800
   2.93100  2.913200
   2.93200  2.928400
   2.93400  2.958100
   2.93600  2.987300
   2.93700  3.001600
   2.93900  3.029800
   2.94100  3.057500
   2.94200  3.070900
   2.94400  3.097300
   2.94600  3.123100
   2.94700  3.135900
   2.94900  3.161600
   2.95100  3.187000
   2.95200  3.199600
   2.95400  3.224700
   2.95600  3.248500
   2.95700  3.260100
   2.95900  3.282600
   2.96100  3.303900
   2.96200  3.314400
   2.96400  3.334900
   2.96600  3.354900
   2.96700  3.364700
   2.96900  3.383700
   2.97100  3.402700
   2.97300  3.421100
   2.97400  3.430000
   2.97600  3.447700
   2.97800  3.464700
   2.97900  3.472700
   2.98100  3.488600
   2.98300  3.503700
   2.98500  3.518300
   2.98600  3.525400
   2.98800  3.539300
   2.99000  3.552700
   2.99100  3.559300
   2.99300  3.572300
   2.99500  3.585000
   2.99700  3.597400
   2.99800  3.603400
   3.00000  3.614900
   3.00200  3.626100
   3.00400  3.636600
   3.00500  3.641700
   3.00700  3.651900
   3.00900  3.661700
   3.01100  3.671600
   3.01200  3.676600
   3.01400  3.686100
   3.01600  3.695500
   3.01800  3.704600
   3.01900  3.709100
   3.02100  3.718000
   3.02300  3.726800
   3.02500  3.735300
   3.02600  3.739400
   3.02800  3.747600
   3.03000  3.755300
   3.03200  3.762800
   3.03300  3.766600
   3.03500  3.774100
   3.03700  3.781600
   3.03900  3.789000
   3.04100  3.796400
   3.04200  3.800000
   3.04400  3.807200
   3.04600  3.814400
   3.04800  3.821600
   3.05000  3.828400
   3.05100  3.831800
   3.05300  3.838500
   3.05500  3.845100
   3.05700  3.851600
   3.05900  3.858100
   3.06000  3.861300
   3.06200  3.867600
   3.06400  3.873600
   3.06600  3.879700
   3.06700  3.882800
   3.06900  3.889000
   3.07100  3.895000
   3.07300  3.900800
   3.07500  3.906300
   3.07700  3.911400
   3.07900  3.916200
   3.08000  3.918500
   3.08200  3.923200
   3.08400  3.927700
   3.08600  3.932100
   3.08800  3.936300
   3.09000  3.940100
   3.09100  3.941900
   3.09300  3.945200
   3.09500  3.948200
   3.09700  3.950900
   3.09900  3.953600
   3.10100  3.956400
   3.10200  3.957700
   3.10400  3.960300
   3.10600  3.962600
   3.10800  3.964500
   3.11000  3.966100
   3.11200  3.967000
   3.11400  3.967600
   3.11500  3.967800
   3.11700  3.968000
   3.11900  3.967900
   3.12100  3.967700
   3.12300  3.967100
   3.12500  3.966200
   3.12700  3.965000
   3.12900  3.963600
   3.13100  3.962000
   3.13200  3.961100
   3.13400  3.959100
   3.13600  3.956700
   3.13800  3.954000
   3.14000  3.950800
   3.14200  3.947300
   3.14400  3.943600
   3.14600  3.939500
   3.14800  3.935100
   3.15000  3.930400
   3.15200  3.925500
   3.15300  3.922800
   3.15500  3.917300
   3.15700  3.911500
   3.15900  3.905700
   3.16100  3.899800
   3.16300  3.893900
   3.16500  3.888000
   3.16700  3.881700
   3.16900  3.874900
   3.17100  3.867800
   3.17300  3.860500
   3.17500  3.853000
   3.17700  3.845600
   3.17900  3.838200
   3.18000  3.834400
   3.18200  3.826800
   3.18400  3.819000
   3.18600  3.811000
   3.18800  3.802900
   3.19000  3.794600
   3.19200  3.786100
   3.19400  3.777700
   3.19600  3.769300
   3.19800  3.760700
   3.20000  3.752000
   3.20200  3.743300
   3.20400  3.734400
   3.20600  3.725300
   3.20800  3.716000
   3.21000  3.706800
   3.21200  3.697600
   3.21400  3.688300
   3.21600  3.678900
   3.21800  3.669500
   3.22000  3.660200
   3.22200  3.650900
   3.22400  3.641500
   3.22600  3.632000
   3.22800  3.622500
   3.23000  3.613000
   3.23200  3.603600
   3.23400  3.594200
   3.23600  3.585000
   3.23800  3.575900
   3.24000  3.567000
   3.24200  3.558100
   3.24400  3.549300
   3.24600  3.540400
   3.24800  3.531500
   3.25000  3.522600
   3.25200  3.513900
   3.25400  3.505500
   3.25600  3.497200
   3.25800  3.489000
   3.26100  3.476600
   3.26300  3.468300
   3.26500  3.459700
   3.26700  3.451000
   3.26900  3.442300
   3.27100  3.433800
   3.27300  3.425400
   3.27500  3.417100
   3.27700  3.409000
   3.27900  3.400800
   3.28100  3.392600
   3.28300  3.384500
   3.28500  3.376300
   3.28700  3.368300
   3.28900  3.360200
   3.29200  3.348300
   3.29400  3.340500
   3.29600  3.332800
   3.29800  3.325100
   3.30000  3.317400
   3.30200  3.309700
   3.30400  3.301900
   3.30600  3.294300
   3.30800  3.286900
   3.31000  3.279600
   3.31300  3.268700
   3.31500  3.261500
   3.31700  3.254400
   3.31900  3.247400
   3.32100  3.240300
   3.32300  3.233300
   3.32500  3.226300
   3.32700  3.219200
   3.33000  3.208800
   3.33200  3.201900
   3.33400  3.195000
   3.33600  3.188200
   3.33800  3.181400
   3.34000  3.174600
   3.34200  3.168000
   3.34500  3.158300
   3.34700  3.151900
   3.34900  3.145700
   3.35100  3.139500
   3.35300  3.133300
   3.35500  3.127100
   3.35800  3.117700
   3.36000  3.111500
   3.36200  3.105500
   3.36400  3.099600
   3.36600  3.093700
   3.36900  3.085000
   3.37100  3.079200
   3.37300  3.073500
   3.37500  3.067900
   3.37700  3.062500
   3.38000  3.054400
   3.38200  3.048900
   3.38400  3.043500
   3.38600  3.038100
   3.38800  3.032600
   3.39100  3.024600
   3.39300  3.019300
   3.39500  3.013900
   3.39700  3.008600
   3.39900  3.003200
   3.40200  2.995300
   3.40400  2.990100
   3.40600  2.985000
   3.40800  2.979900
   3.41100  2.972500
   3.41300  2.967500
   3.41500  2.962600
   3.41700  2.957700
   3.42000  2.950400
   3.42200  2.945500
   3.42400  2.940700
   3.42600  2.936000
   3.42900  2.929300
   3.43100  2.924800
   3.43300  2.920400
   3.43600  2.913700
   3.43800  2.909200
   3.44000  2.904600
   3.44200  2.899900
   3.44500  2.892900
   3.44700  2.888200
   3.44900  2.883700
   3.45100  2.879200
   3.45400  2.872400
   3.45600  2.867900
   3.45800  2.863400
   3.46100  2.856900
   3.46300  2.852500
   3.46500  2.848300
   3.46800  2.842100
   3.47000  2.838000
   3.47200  2.833900
   3.47500  2.827700
   3.47700  2.823500
   3.47900  2.819300
   3.48200  2.813100
   3.48400  2.809000
   3.48600  2.805000
   3.48900  2.799100
   3.49100  2.795400
   3.49300  2.791700
   3.49600  2.786300
   3.49800  2.782900
   3.50000  2.779500
   3.50300  2.774300
   3.50500  2.770800
   3.50700  2.767200
   3.51000  2.761900
   3.51200  2.758300
   3.51500  2.753000
   3.51700  2.749600
   3.51900  2.746100
   3.52200  2.741000
   3.52400  2.737600
   3.52700  2.732800
   3.52900  2.729600
   3.53100  2.726400
   3.53400  2.721700
   3.53600  2.718500
   3.53900  2.713900
   3.54100  2.710800
   3.54300  2.707800
   3.54600  2.703500
   3.54800  2.700700
   3.55100  2.696400
   3.55300  2.693600
   3.55600  2.689500
   3.55800  2.686800
   3.56100  2.682600
   3.56300  2.679700
   3.56500  2.676800
   3.56800  2.672600
   3.57000  2.669800
   3.57300  2.665800
   3.57500  2.663300
   3.57800  2.659600
   3.58000  2.657100
   3.58300  2.653100
   3.58500  2.650500
   3.58800  2.646500
   3.59000  2.643800
   3.59300  2.639800
   3.59500  2.637300
   3.59800  2.633500
   3.60000  2.631100
   3.60300  2.627500
   3.60500  2.625200
   3.60800  2.621800
   3.61000  2.619500
   3.61300  2.616100
   3.61500  2.613900
   3.61800  2.610700
   3.62000  2.608500
   3.62300  2.605400
   3.62500  2.603300
   3.62800  2.600100
   3.63000  2.598000
   3.63300  2.594800
   3.63600  2.591700
   3.63800  2.589700
   3.64100  2.586700
   3.64300  2.584800
   3.64600  2.582000
   3.64800  2.580000
   3.65100  2.577000
   3.65300  2.574900
   3.65600  2.571800
   3.65900  2.568700
   3.66100  2.566700
   3.66400  2.563600
   3.66600  2.561600
   3.66900  2.558700
   3.67200  2.555900
   3.67400  2.554100
   3.67700  2.551200
   3.67900  2.549300
   3.68200  2.546500
   3.68400  2.544600
   3.68700  2.541800
   3.69000  2.539100
   3.69200  2.537400
   3.69500  2.534800
   3.69800  2.532100
   3.70000  2.530400
   3.70300  2.527700
   3.70600  2.525100
   3.70800  2.523300
   3.71100  2.520600
   3.71400  2.518000
   3.71600  2.516300
   3.71900  2.513800
   3.72200  2.511300
   3.72400  2.509700
   3.72700  2.507200
   3.73000  2.504700
   3.73200  2.503000
   3.73500  2.500400
   3.73800  2.497900
   3.74000  2.496200
   3.74300  2.493700
   3.74600  2.491300
   3.74800  2.489600
   3.75100  2.487200
   3.75400  2.484900
   3.75700  2.482600
   3.75900  2.481200
   3.76200  2.479000
   3.76500  2.476900
   3.76800  2.474600
   3.77000  2.473000
   3.77300  2.470500
   3.77600  2.468000
   3.77900  2.465400
   3.78100  2.463700
   3.78400  2.461300
   3.78700  2.459200
   3.79000  2.457100
   3.79200  2.455800
   3.79500  2.453600
   3.79800  2.451400
   3.80100  2.449000
   3.80400  2.446700
   3.80600  2.445200
   3.80900  2.443100
   3.81200  2.441000
   3.81500  2.439000
   3.81700  2.437600
   3.82000  2.435500
   3.82300  2.433300
   3.82600  2.431100
   3.82900  2.428900
   3.83200  2.426800
   3.83400  2.425400
   3.83700  2.423300
   3.84000  2.421200
   3.84300  2.419000
   3.84600  2.416900
   3.84900  2.414700
   3.85200  2.412600
   3.85400  2.411200
   3.85700  2.409100
   3.86000  2.407000
   3.86300  2.404800
   3.86600  2.402700
   3.86900  2.400600
   3.87200  2.398600
   3.87500  2.396700
   3.87700  2.395500
   3.88000  2.393800
   3.88300  2.392100
   3.88600  2.390300
   3.88900  2.388400
   3.89200  2.386500
   3.89500  2.384500
   3.89800  2.382500
   3.90100  2.380600
   3.90400  2.378600
   3.90700  2.376600
   3.91000  2.374500
   3.91300  2.372400
   3.91600  2.370400
   3.91800  2.369000
   3.92100  2.367000
   3.92400  2.365000
   3.92700  2.362900
   3.93000  2.361000
   3.93300  2.359100
   3.93600  2.357200
   3.93900  2.355500
   3.94200  2.353800
   3.94500  2.352200
   3.94800  2.350700
   3.95100  2.349200
   3.95400  2.347600
   3.95700  2.346000
   3.96000  2.344300
   3.96300  2.342700
   3.96600  2.341000
   3.97000  2.338800
   3.97300  2.337200
   3.97600  2.335600
   3.97900  2.333900
   3.98200  2.332100
   3.98500  2.330200
   3.98800  2.328400
   3.99100  2.326700
   3.99400  2.324900
   3.99700  2.323300
   4.00000  2.321700
   4.00300  2.320100
   4.00600  2.318600
   4.00900  2.317100
   4.01300  2.315100
   4.01600  2.313700
   4.01900  2.312300
   4.02200  2.311000
   4.02500  2.309600
   4.02800  2.308300
   4.03100  2.306700
   4.03400  2.305100
   4.03700  2.303300
   4.04100  2.301100
   4.04400  2.299400
   4.04700  2.297600
   4.05000  2.295800
   4.05300  2.294000
   4.05600  2.292200
   4.06000  2.289900
   4.06300  2.288200
   4.06600  2.286600
   4.06900  2.285100
   4.07200  2.283500
   4.07600  2.281400
   4.07900  2.279900
   4.08200  2.278500
   4.08500  2.277000
   4.08800  2.275600
   4.09200  2.273700
   4.09500  2.272400
   4.09800  2.271000
   4.10100  2.269600
   4.10500  2.267800
   4.10800  2.266400
   4.11100  2.265200
   4.11400  2.263800
   4.11800  2.261900
   4.12100  2.260500
   4.12400  2.259000
   4.12800  2.257100
   4.13100  2.255900
   4.13400  2.254800
   4.13700  2.253700
   4.14100  2.252100
   4.14400  2.250800
   4.14700  2.249500
   4.15100  2.247800
   4.15400  2.246600
   4.15700  2.245500
   4.16100  2.244200
   4.16400  2.243200
   4.16700  2.242200
   4.17100  2.240700
   4.17400  2.239500
   4.17700  2.238300
   4.18100  2.236700
   4.18400  2.235500
   4.18800  2.233800
   4.19100  2.232500
   4.19400  2.231200
   4.19800  2.229400
   4.20100  2.228100
   4.20500  2.226300
   4.20800  2.225000
   4.21100  2.223800
   4.21500  2.222200
   4.21800  2.221000
   4.22200  2.219400
   4.22500  2.218300
   4.22900  2.216900
   4.23200  2.215700
   4.23500  2.214700
   4.23900  2.213400
   4.24200  2.212500
   4.24600  2.211400
   4.24900  2.210600
   4.25300  2.209400
   4.25600  2.208400
   4.26000  2.207000
   4.26300  2.205900
   4.26700  2.204600
   4.27000  2.203700
   4.27400  2.202500
   4.27700  2.201700
   4.28100  2.200700
   4.28400  2.199900
   4.28800  2.198800
   4.29200  2.197700
   4.29500  2.196900
   4.29900  2.195900
   4.30200  2.195200
   4.30600  2.194200
   4.30900  2.193400
   4.31300  2.192300
   4.31600  2.191500
   4.32000  2.190300
   4.32400  2.189200
   4.32700  2.188300
   4.33100  2.187100
   4.33500  2.185900
   4.33800  2.184900
   4.34200  2.183500
   4.34600  2.182000
   4.34900  2.180900
   4.35300  2.179700
   4.35600  2.178900
   4.36000  2.177900
   4.36400  2.177000
   4.36700  2.176200
   4.37100  2.175100
   4.37500  2.173900
   4.37800  2.173000
   4.38200  2.171900
   4.38600  2.170900
   4.39000  2.169800
   4.39300  2.169100
   4.39700  2.168000
   4.40100  2.167000
   4.40400  2.166200
   4.40800  2.165300
   4.41200  2.164300
   4.41600  2.163500
   4.42000  2.162600
   4.42300  2.161900
   4.42700  2.160800
   4.43100  2.159900
   4.43500  2.158900
   4.43900  2.158100
   4.44200  2.157500
   4.44600  2.156900
   4.45000  2.156200
   4.45400  2.155400
   4.45800  2.154400
   4.46100  2.153700
   4.46500  2.152800
   4.46900  2.151800
   4.47300  2.150800
   4.47700  2.149900
   4.48100  2.148900
   4.48500  2.147900
   4.48800  2.147300
   4.49200  2.146500
   4.49600  2.145700
   4.50000  2.145000
   4.50400  2.144200
   4.50800  2.143300
   4.51200  2.142300
   4.51600  2.141500
   4.52000  2.140900
   4.52400  2.140500
   4.52800  2.140100
   4.53200  2.139700
   4.53600  2.139100
   4.54000  2.138500
   4.54300  2.138000
   4.54800  2.137300
   4.55100  2.136900
   4.55600  2.136400
   4.55900  2.136200
   4.56400  2.135600
   4.56700  2.135200
   4.57200  2.134900
   4.57600  2.134800
   4.58000  2.134700
   4.58400  2.134600
   4.58800  2.134500
   4.59200  2.134400
   4.59600  2.134200
   4.60000  2.134100
   4.60400  2.133900
   4.60800  2.133800
   4.61200  2.133700
   4.61600  2.133500
   4.62000  2.133100
   4.62500  2.132600
   4.62900  2.132200
   4.63300  2.131900
   4.63700  2.131800
   4.64100  2.131800
   4.64500  2.131900
   4.64900  2.132000
   4.65400  2.132000
   4.65800  2.132000
   4.66200  2.131900
   4.66600  2.131900
   4.67000  2.131700
   4.67500  2.131300
   4.67900  2.131100
   4.68300  2.130900
   4.68700  2.130800
   4.69100  2.130600
   4.69600  2.130500
   4.70000  2.130500
   4.70400  2.130400
   4.70900  2.130300
   4.71300  2.130300
   4.71700  2.130500
   4.72100  2.130600
   4.72600  2.130700
   4.73000  2.130800
   4.73400  2.130900
   4.73900  2.130800
   4.74300  2.130600
   4.74700  2.130400
   4.75200  2.130000
   4.75600  2.129700
   4.76100  2.129300
   4.76500  2.129000
   4.76900  2.128900
   4.77400  2.129000
   4.77800  2.129000
   4.78200  2.129000
   4.78700  2.128600
   4.79100  2.128100
   4.79600  2.127300
   4.80000  2.126600
   4.80500  2.126000
   4.80900  2.125700
   4.81400  2.125300
   4.81800  2.124900
   4.82200  2.124600
   4.82700  2.124200
   4.83200  2.123800
   4.83600  2.123400
   4.84000  2.123000
   4.84500  2.122300
   4.84900  2.121700
   4.85400  2.121000
   4.85900  2.120400
   4.86300  2.120000
   4.86800  2.119600
   4.87200  2.119100
   4.87700  2.118200
   4.88200  2.117300
   4.88600  2.116800
   4.89100  2.116400
   4.89500  2.116100
   4.90000  2.115500
   4.90500  2.114400
   4.90900  2.113300
   4.91400  2.111700
   4.91900  2.110400
   4.92300  2.109600
   4.92800  2.108900
   4.93300  2.108200
   4.93700  2.107700
   4.94200  2.107100
   4.94700  2.106600
   4.95100  2.106300
   4.95600  2.105200
   4.96100  2.103100
   4.96600  2.100200
   4.97000  2.097600
   4.97500  2.094500
   4.98000  2.092000
   4.98500  2.090100
   4.99000  2.088800
   4.99400  2.088000
   4.99900  2.087300
   5.00400  2.086800
   5.00900  2.086500
   5.01400  2.086400
   5.01900  2.085800
   5.02300  2.084400
   5.02800  2.081700
   5.03300  2.078600
   5.03800  2.075500
   5.04300  2.072600
   5.04800  2.070000
   5.05300  2.067800
   5.05800  2.066200
   5.06300  2.065400
   5.06800  2.065100
   5.07300  2.065200
   5.07700  2.065300
   5.08200  2.064400
   5.08800  2.060600
   5.09300  2.055600
   5.09800  2.050100
   5.10300  2.044800
   5.10700  2.041100
   5.11300  2.036500
   5.11800  2.033900
   5.12300  2.032300
   5.12800  2.031500
   5.13300  2.030800
   5.13800  2.029400
   5.14300  2.027000
   5.14800  2.023000
   5.15300  2.017000
   5.15800  2.009900
   5.16400  2.001600
   5.16900  1.995700
   5.17400  1.990200
   5.17900  1.985400
   5.18400  1.982200
   5.18900  1.980600
   5.19400  1.979700
   5.20000  1.979600
   5.20500  1.979900
   5.21000  1.979700
   5.21500  1.978100
   5.22100  1.974700
   5.22600  1.970900
   5.23100  1.965700
   5.23700  1.958900
   5.24200  1.953800
   5.24700  1.950100
   5.25200  1.948600
   5.25800  1.949500
   5.26300  1.951700
   5.26800  1.953700
   5.27400  1.955600
   5.27900  1.956800
   5.28500  1.954900
   5.29000  1.950100
   5.29500  1.943300
   5.30100  1.932700
   5.30600  1.922800
   5.31200  1.912100
   5.31700  1.905900
   5.32200  1.902500
   5.32800  1.901200
   5.33300  1.901400
   5.33900  1.902600
   5.34500  1.904300
   5.35000  1.905000
   5.35600  1.902500
   5.36100  1.895600
   5.36700  1.882900
   5.37200  1.870900
   5.37800  1.856100
   5.38300  1.846100
   5.38900  1.840900
   5.39400  1.841900
   5.40000  1.844800
   5.40600  1.845100
   5.41100  1.842400
   5.41700  1.833900
   5.42300  1.820500
   5.42800  1.808500
   5.43400  1.797000
   5.44000  1.788800
   5.44600  1.782300
   5.45100  1.778100
   5.45700  1.775100
   5.46300  1.775000
   5.46800  1.776500
   5.47400  1.779100
   5.48000  1.781300
   5.48600  1.780200
   5.49200  1.773900
   5.49700  1.766200
   5.50300  1.758400
   5.50900  1.752300
   5.51500  1.745900
   5.52100  1.739600
   5.52700  1.733200
   5.53300  1.724700
   5.53900  1.713900
   5.54500  1.702900
   5.55100  1.692900
   5.55600  1.685600
   5.56200  1.678300
   5.56800  1.672000
   5.57400  1.664200
   5.58000  1.652100
   5.58600  1.636000
   5.59200  1.617500
   5.59800  1.599100
   5.60400  1.583300
   5.61100  1.570900
   5.61700  1.567300
   5.62300  1.566500
   5.62900  1.564800
   5.63500  1.562600
   5.64100  1.558500
   5.64700  1.550500
   5.65300  1.537500
   5.66000  1.517400
   5.66600  1.498900
   5.67200  1.481200
   5.67800  1.466900
   5.68400  1.458600
   5.69100  1.456900
   5.69700  1.456000
   5.70300  1.449500
   5.70900  1.436400
   5.71600  1.414300
   5.72200  1.393800
   5.72800  1.376900
   5.73500  1.363200
   5.74100  1.358900
   5.74700  1.359900
   5.75400  1.360500
   5.76000  1.357600
   5.76700  1.348600
   5.77300  1.336600
   5.77900  1.324100
   5.78600  1.310300
   5.79200  1.300400
   5.79900  1.296200
   5.80500  1.299300
   5.81200  1.302700
   5.81800  1.300400
   5.82500  1.289200
   5.83100  1.271100
   5.83800  1.242500
   5.84500  1.208800
   5.85100  1.184400
   5.85800  1.172500
   5.86400  1.173200
   5.87100  1.178900
   5.87800  1.182600
   5.88400  1.179900
   5.89100  1.172300
   5.89800  1.162100
   5.90400  1.153300
   5.91100  1.151700
   5.91800  1.162300
   5.92500  1.177700
   5.93100  1.194800
   5.93800  1.219800
   5.94500  1.246500
   5.95200  1.270700
   5.95900  1.289300
   5.96600  1.312100
   5.97300  1.342500
   5.97900  1.368000
   5.98600  1.394800
   5.99300  1.416500
   6.00000  1.430000
   6.00700  1.434100
   6.01400  1.434500
   6.02100  1.445800
   6.02800  1.475400
   6.03500  1.515100
   6.04200  1.554300
   6.04900  1.589200
   6.05600  1.618800
   6.06300  1.640600
   6.07000  1.655500
   6.07800  1.680500
   6.08500  1.721500
   6.09200  1.774300
   6.09900  1.832500
   6.10600  1.895300
   6.11300  1.955600
   6.12100  2.007800
   6.12800  2.036300
   6.13500  2.055900
   6.14200  2.074500
   6.15000  2.098600
   6.15700  2.126300
   6.16400  2.161400
   6.17200  2.202100
   6.17900  2.228800
   6.18600  2.246100
   6.19400  2.259900
   6.20100  2.271200
   6.20900  2.285100
   6.21600  2.300000
   6.22300  2.317100
   6.23100  2.336100
   6.23900  2.350900
   6.24600  2.361100
   6.25300  2.368900
   6.26100  2.371800
   6.26900  2.364300
   6.27600  2.350300
   6.28400  2.326900
   6.29100  2.301200
   6.29900  2.264900
   6.30700  2.225200
   6.31400  2.191600
   6.32200  2.159500
   6.33000  2.135200
   6.33800  2.107100
   6.34500  2.071500
   6.35300  2.018000
   6.36100  1.949200
   6.36900  1.874900
   6.37700  1.811900
   6.38400  1.773500
   6.39200  1.753300
   6.40000  1.754800
   6.40800  1.762500
   6.41600  1.761200
   6.42400  1.737000
   6.43200  1.692200
   6.44000  1.646600
   6.44800  1.612900
   6.45600  1.598000
   6.46400  1.608300
   6.47200  1.637600
   6.48000  1.669900
   6.48800  1.687300
   6.49600  1.680300
   6.50500  1.653700
   6.51300  1.624200
   6.52100  1.600000
   6.52900  1.591500
   6.53700  1.598100
   6.54600  1.619500
   6.55400  1.645400
   6.56200  1.660000
   6.57100  1.647900
   6.57900  1.619300
   6.58700  1.588200
   6.59600  1.562800
   6.60400  1.553200
   6.61200  1.559900
   6.62100  1.587800
   6.62900  1.618500
   6.63800  1.643000
   6.64600  1.651600
   6.65500  1.650300
   6.66300  1.652200
   6.67200  1.669200
   6.68100  1.698300
   6.68900  1.732600
   6.69800  1.774900
   6.70700  1.809700
   6.71500  1.824100
   6.72400  1.818200
   6.73300  1.803300
   6.74100  1.794600
   6.75000  1.790400
   6.75900  1.790500
   6.76800  1.796700
   6.77700  1.807700
   6.78500  1.809300
   6.79400  1.787400
   6.80300  1.748700
   6.81200  1.711100
   6.82100  1.687500
   6.83000  1.679600
   6.83900  1.684500
   6.84800  1.700900
   6.85700  1.720400
   6.86600  1.733200
   6.87500  1.738300
   6.88500  1.743500
   6.89400  1.758000
   6.90300  1.778900
   6.91200  1.798800
   6.92100  1.814900
   6.93100  1.830200
   6.94000  1.840100
   6.94900  1.843800
   6.95900  1.842400
   6.96800  1.835700
   6.97700  1.821800
   6.98700  1.802500
   6.99600  1.787000
   7.00600  1.776900
   7.01500  1.776600
   7.02500  1.786600
   7.03400  1.799900
   7.04400  1.809600
   7.05300  1.811000
   7.06300  1.810800
   7.07200  1.813900
   7.08200  1.820900
   7.09200  1.828800
   7.10200  1.833800
   7.11100  1.834000
   7.12100  1.828200
   7.13100  1.814500
   7.14100  1.798300
   7.15100  1.786500
   7.16000  1.780400
   7.17000  1.776900
   7.18000  1.777400
   7.19000  1.784900
   7.20000  1.797600
   7.21000  1.809300
   7.22000  1.817000
   7.23000  1.821500
   7.24000  1.824200
   7.25100  1.825700
   7.26100  1.824500
   7.27100  1.820500
   7.28100  1.812800
   7.29100  1.801100
   7.30200  1.788800
   7.31200  1.783000
   7.32200  1.783900
   7.33300  1.790100
   7.34300  1.795200
   7.35300  1.797900
   7.36400  1.800900
   7.37400  1.806300
   7.38500  1.813700
   7.39500  1.818400
   7.40600  1.819200
   7.41700  1.814800
   7.42700  1.806600
   7.43800  1.796600
   7.44900  1.790100
   7.45900  1.787900
   7.47000  1.786400
   7.48100  1.785100
   7.49200  1.786000
   7.50200  1.789300
   7.51300  1.794900
   7.52400  1.800600
   7.53500  1.804100
   7.54600  1.803900
   7.55700  1.799700
   7.56800  1.793600
   7.57900  1.787900
   7.59000  1.783400
   7.60100  1.780200
   7.61300  1.778200
   7.62400  1.777500
   7.63500  1.778000
   7.64600  1.779600
   7.65700  1.781300
   7.66900  1.782600
   7.68000  1.783000
   7.69200  1.782200
   7.70300  1.780600
   7.71500  1.778300
   7.72600  1.775900
   7.73700  1.773600
   7.74900  1.771200
   7.76100  1.769100
   7.77200  1.767200
   7.78400  1.764800
   7.79600  1.762400
   7.80800  1.760200
   7.81900  1.758200
   7.83100  1.756500
   7.84300  1.755000
   7.85500  1.753300
   7.86700  1.751100
   7.87900  1.748700
   7.89100  1.746600
   7.90300  1.745000
   7.91500  1.744100
   7.92700  1.744000
   7.93900  1.744100
   7.95100  1.744200
   7.96300  1.743900
   7.97600  1.743400
   7.98800  1.742700
   8.00000  1.741600
   8.01300  1.740100
   8.02500  1.738600
   8.03700  1.736900
   8.05000  1.735300
   8.06200  1.734400
   8.07500  1.734000
   8.08800  1.733800
   8.10000  1.733800
   8.11300  1.733300
   8.12600  1.731900
   8.13800  1.729800
   8.15100  1.726900
   8.16400  1.723800
   8.17700  1.720500
   8.19000  1.717600
   8.20300  1.715100
   8.21600  1.712700
   8.22900  1.710400
   8.24200  1.708200
   8.25500  1.705900
   8.26800  1.703200
   8.28100  1.700100
   8.29500  1.696800
   8.30800  1.694000
   8.32100  1.691800
   8.33500  1.690100
   8.34800  1.688800
   8.36100  1.687600
   8.37500  1.686200
   8.38900  1.683900
   8.40200  1.681100
   8.41600  1.677200
   8.43000  1.672600
   8.44300  1.667500
   8.45700  1.661500
   8.47100  1.655400
   8.48500  1.650100
   8.49900  1.645400
   8.51300  1.641400
   8.52700  1.638200
   8.54100  1.636200
   8.55500  1.635100
   8.56900  1.634800
   8.58300  1.634400
   8.59700  1.633900
   8.61200  1.632400
   8.62600  1.629900
   8.64000  1.626200
   8.65500  1.621000
   8.66900  1.615500
   8.68400  1.610000
   8.69800  1.605500
   8.71300  1.601900
   8.72700  1.599300
   8.74200  1.597000
   8.75700  1.594600
   8.77200  1.591600
   8.78700  1.587500
   8.80200  1.582800
   8.81700  1.578000
   8.83200  1.573500
   8.84700  1.569400
   8.86200  1.566300
   8.87700  1.563900
   8.89200  1.561700
   8.90800  1.558500
   8.92300  1.555000
   8.93800  1.551200
   8.95400  1.546800
   8.96900  1.542300
   8.98500  1.537800
   9.00000  1.533400
   9.01600  1.528100
   9.03200  1.521600
   9.04700  1.515100
   9.06300  1.507400
   9.07900  1.499100
   9.09500  1.490500
   9.11100  1.482300
   9.12700  1.474500
   9.14300  1.467700
   9.15900  1.462200
   9.17500  1.458200
   9.19200  1.454800
   9.20800  1.452200
   9.22500  1.449600
   9.24100  1.446800
   9.25700  1.442600
   9.27400  1.436600
   9.29100  1.429600
   9.30700  1.422800
   9.32400  1.415600
   9.34100  1.409200
   9.35800  1.404100
   9.37500  1.400100
   9.39200  1.396000
   9.40900  1.391000
   9.42600  1.384900
   9.44300  1.377700
   9.46000  1.369300
   9.47700  1.360500
   9.49500  1.351700
   9.51200  1.344100
   9.53000  1.336800
   9.54700  1.330400
   9.56500  1.323400
   9.58200  1.316400
   9.60000  1.309500
   9.61800  1.303000
   9.63600  1.296600
   9.65400  1.290300
   9.67200  1.285100
   9.69000  1.279700
   9.70800  1.273700
   9.72600  1.267600
   9.74500  1.262000
   9.76300  1.256700
   9.78100  1.251200
   9.80000  1.244900
   9.81900  1.238600
   9.83700  1.231800
   9.85600  1.223400
   9.87500  1.214400
   9.89300  1.206000
   9.91200  1.197200
   9.93100  1.188400
   9.95000  1.179400
   9.97000  1.170500
   9.98900  1.162400
  10.00800  1.154500
  10.02700  1.146800
  10.04700  1.140000
  10.06600  1.133700
  10.08600  1.126900
  10.10600  1.120100
  10.12500  1.114100
  10.14500  1.107300
  10.16500  1.099900
  10.18500  1.092200
  10.20500  1.084700
  10.22500  1.076500
  10.24500  1.067900
  10.26600  1.058600
  10.28600  1.050000
  10.30600  1.041100
  10.32700  1.032000
  10.34800  1.023700
  10.36800  1.016500
  10.38900  1.008700
  10.41000  1.001400
  10.43100  0.993900
  10.45200  0.986400
  10.47300  0.978600
  10.49400  0.971300
  10.51600  0.963400
  10.53700  0.956100
  10.55800  0.948800
  10.58000  0.942500
  10.60200  0.937100
  10.62300  0.933100
  10.64500  0.929200
  10.66700  0.925200
  10.68900  0.920100
  10.71100  0.914500
  10.73300  0.908900
  10.75500  0.904300
  10.77800  0.899900
  10.80000  0.896400
  10.82300  0.893100
  10.84600  0.890600
  10.86800  0.889200
  10.89100  0.888900
  10.91400  0.888800
  10.93700  0.888600
  10.96000  0.887500
  10.98300  0.886200
  11.00700  0.885300
  11.03000  0.886100
  11.05400  0.888800
  11.07700  0.892400
  11.10100  0.896000
  11.12500  0.899400
  11.14900  0.902500
  11.17300  0.905900
  11.19700  0.910100
  11.22100  0.915500
  11.24500  0.921500
  11.27000  0.928600
  11.29400  0.936300
  11.31900  0.945300
  11.34400  0.955200
  11.36900  0.965500
  11.39400  0.976300
  11.41900  0.987800
  11.44400  0.999800
  11.46900  1.012400
  11.49500  1.026600
  11.52000  1.040900
  11.54600  1.056800
  11.57200  1.073400
  11.59800  1.091100
  11.62400  1.110200
  11.65000  1.130700
  11.67600  1.151600
  11.70200  1.172200
  11.72900  1.192400
  11.75500  1.211000
  11.78200  1.230600
  11.80900  1.251600
  11.83600  1.274800
  11.86300  1.300100
  11.89000  1.326800
  11.91800  1.355700
  11.94500  1.383300
  11.97300  1.412300
  12.00000  1.439200
  12.02800  1.466300
  12.05600  1.492700
  12.08400  1.518800
  12.11300  1.546400
  12.14100  1.574300
  12.16900  1.603100
  12.19800  1.634300
  12.22700  1.665900
  12.25600  1.697900
  12.28500  1.730000
  12.31400  1.764000
  12.34300  1.799700
  12.37300  1.839200
  12.40200  1.877600
  12.43200  1.917900
  12.46200  1.958100
  12.49200  1.998000
  12.52200  2.036300
  12.55200  2.073800
  12.58300  2.111800
  12.61400  2.151300
  12.64400  2.190100
  12.67500  2.232000
  12.70600  2.274700
  12.73700  2.318500
  12.76900  2.362700
  12.80000  2.404200
  12.83200  2.444900
  12.86400  2.484900
  12.89600  2.523600
  12.92800  2.562200
  12.96000  2.600700
  12.99300  2.642400
  13.02600  2.684600
  13.05800  2.726000
  13.09100  2.767800
  13.12400  2.810600
  13.15800  2.854700
  13.19100  2.896500
  13.22500  2.938400
  13.25900  2.981100
  13.29300  3.023800
  13.32700  3.068200
  13.36100  3.112400
  13.39600  3.159300
  13.43000  3.201700
  13.46500  3.242600
  13.50000  3.279200
  13.53600  3.316600
  13.57100  3.354000
  13.60700  3.397900
  13.64300  3.444200
  13.67900  3.490800
  13.71500  3.533000
  13.75100  3.574700
  13.78800  3.615600
  13.82400  3.655400
  13.86100  3.695600
  13.89900  3.742800
  13.93600  3.790800
  13.97300  3.834100
  14.01100  3.860600
