# AFGL atmospheric constituent profile. midlatitude summer. ( AFGL-TR-86-0110)       
Data_size = 50 x 21
ProfileIsLevel = 0
YYYY_MM_DD_HH = 9999 99 99 99
Lon_lat =  -999.99  -99.99
SZA_VZA_AZA =    99.9999   99.9999  9999.9999
SurfaceTemperature(K) =   294.2000
SurfacePressure(hPa) =  1013.0000
IsOcean =  0
WindSpeed(m.s-1) =     9.9999
CloudFraction =     9.9999
CloudTopPressure =   999.9999
****** End_Of_Header ******
Lev  Pressure Altitude   TATM       O3         NO2       HCHO        SO2       GLYX        H2O        BRO       OCLO        OSU        OBC        OOC        OSF        OSC        ODU        OWC        OIC        RH    
       hPa      km        K        VMR         VMR        VMR        VMR        VMR        VMR        VMR        VMR                                                                                                 %     
 1 1013.00000   0.0000 294.2000 3.0195E-08 2.3019E-11 2.4000E-09 3.0000E-10 0.0000E+00 1.8776E-02 0.0000E+00 0.0000E+00 0.0000E+00 0.0000E+00 0.0000E+00 0.0000E+00 0.0000E+00 0.0000E+00 0.0000E+00 0.0000E+00 0.0000E+00
 2  902.00000   1.0000 289.7000 3.3398E-08 2.3019E-11 1.0700E-09 2.7400E-10 0.0000E+00 1.3791E-02 0.0000E+00 0.0000E+00 0.0000E+00 0.0000E+00 0.0000E+00 0.0000E+00 0.0000E+00 0.0000E+00 0.0000E+00 0.0000E+00 0.0000E+00
 3  802.00000   2.0000 285.2000 3.6963E-08 2.3014E-11 4.0400E-09 2.3600E-10 0.0000E+00 9.6860E-03 0.0000E+00 0.0000E+00 0.0000E+00 0.0000E+00 0.0000E+00 0.0000E+00 0.0000E+00 0.0000E+00 0.0000E+00 0.0000E+00 0.0000E+00
 4  710.00000   3.0000 279.2000 4.2246E-08 2.3014E-11 2.2700E-10 1.9000E-10 0.0000E+00 5.9877E-03 0.0000E+00 0.0000E+00 0.0000E+00 0.0000E+00 0.0000E+00 0.0000E+00 0.0000E+00 0.0000E+00 0.0000E+00 0.0000E+00 0.0000E+00
 5  628.00000   4.0000 273.2000 4.8242E-08 2.3015E-11 1.4000E-10 1.4600E-10 0.0000E+00 3.8155E-03 0.0000E+00 0.0000E+00 0.0000E+00 0.0000E+00 0.0000E+00 0.0000E+00 0.0000E+00 0.0000E+00 0.0000E+00 0.0000E+00 0.0000E+00
 6  554.00000   5.0000 267.2000 5.5167E-08 2.3020E-11 1.0000E-10 1.1800E-10 0.0000E+00 2.2269E-03 0.0000E+00 0.0000E+00 0.0000E+00 0.0000E+00 0.0000E+00 0.0000E+00 0.0000E+00 0.0000E+00 0.0000E+00 0.0000E+00 0.0000E+00
 7  487.00000   6.0000 261.2000 6.4108E-08 2.3010E-11 7.4400E-11 9.7100E-11 0.0000E+00 1.5107E-03 0.0000E+00 0.0000E+00 0.0000E+00 0.0000E+00 0.0000E+00 0.0000E+00 0.0000E+00 0.0000E+00 0.0000E+00 0.0000E+00 0.0000E+00
 8  426.00000   7.0000 254.7000 7.7678E-08 2.3011E-11 6.0400E-11 8.3000E-11 0.0000E+00 1.0205E-03 0.0000E+00 0.0000E+00 0.0000E+00 0.0000E+00 0.0000E+00 0.0000E+00 0.0000E+00 0.0000E+00 0.0000E+00 0.0000E+00 0.0000E+00
 9  372.00000   8.0000 248.2000 9.1297E-08 2.3009E-11 5.0100E-11 7.2100E-11 0.0000E+00 6.4666E-04 0.0000E+00 0.0000E+00 0.0000E+00 0.0000E+00 0.0000E+00 0.0000E+00 0.0000E+00 0.0000E+00 0.0000E+00 0.0000E+00 0.0000E+00
10  324.00000   9.0000 241.7000 1.1118E-07 2.3216E-11 4.2200E-11 6.5600E-11 0.0000E+00 4.1319E-04 0.0000E+00 0.0000E+00 0.0000E+00 0.0000E+00 0.0000E+00 0.0000E+00 0.0000E+00 0.0000E+00 0.0000E+00 0.0000E+00 0.0000E+00
11  281.00000  10.0000 235.3000 1.3050E-07 2.3818E-11 3.6300E-11 6.0600E-11 0.0000E+00 2.4738E-04 0.0000E+00 0.0000E+00 0.0000E+00 0.0000E+00 0.0000E+00 0.0000E+00 0.0000E+00 0.0000E+00 0.0000E+00 0.0000E+00 0.0000E+00
12  243.00000  11.0000 228.8000 1.7943E-07 2.6219E-11 3.4300E-11 5.7900E-11 0.0000E+00 9.5630E-05 0.0000E+00 0.0000E+00 0.0000E+00 0.0000E+00 0.0000E+00 0.0000E+00 0.0000E+00 0.0000E+00 0.0000E+00 0.0000E+00 0.0000E+00
13  209.00000  12.0000 222.3000 2.2315E-07 3.1521E-11 3.3900E-11 5.6000E-11 0.0000E+00 2.9459E-05 0.0000E+00 0.0000E+00 0.0000E+00 0.0000E+00 0.0000E+00 0.0000E+00 0.0000E+00 0.0000E+00 0.0000E+00 0.0000E+00 0.0000E+00
14  179.00000  13.0000 215.8000 3.0021E-07 4.4531E-11 3.5000E-11 5.5900E-11 0.0000E+00 8.0056E-06 0.0000E+00 0.0000E+00 0.0000E+00 0.0000E+00 0.0000E+00 0.0000E+00 0.0000E+00 0.0000E+00 0.0000E+00 0.0000E+00 0.0000E+00
15  153.00000  14.0000 215.7000 4.4030E-07 7.4851E-11 3.6200E-11 5.6400E-11 0.0000E+00 5.0034E-06 0.0000E+00 0.0000E+00 0.0000E+00 0.0000E+00 0.0000E+00 0.0000E+00 0.0000E+00 0.0000E+00 0.0000E+00 0.0000E+00 0.0000E+00
16  130.00000  15.0000 215.7000 5.0032E-07 1.7111E-10 3.6200E-11 5.7500E-11 0.0000E+00 3.4022E-06 0.0000E+00 0.0000E+00 0.0000E+00 0.0000E+00 0.0000E+00 0.0000E+00 0.0000E+00 0.0000E+00 0.0000E+00 0.0000E+00 0.0000E+00
17  111.00000  16.0000 215.7000 6.0045E-07 3.1924E-10 3.5800E-11 5.7500E-11 0.0000E+00 3.3025E-06 0.0000E+00 0.0000E+00 0.0000E+00 0.0000E+00 0.0000E+00 0.0000E+00 0.0000E+00 0.0000E+00 0.0000E+00 0.0000E+00 0.0000E+00
18   95.00000  17.0000 215.7000 7.0045E-07 5.1933E-10 3.5000E-11 5.3700E-11 0.0000E+00 3.2020E-06 0.0000E+00 0.0000E+00 0.0000E+00 0.0000E+00 0.0000E+00 0.0000E+00 0.0000E+00 0.0000E+00 0.0000E+00 0.0000E+00 0.0000E+00
19   81.20000  18.0000 216.8000 1.0008E-06 7.7164E-10 3.4200E-11 4.7800E-11 0.0000E+00 3.1526E-06 0.0000E+00 0.0000E+00 0.0000E+00 0.0000E+00 0.0000E+00 0.0000E+00 0.0000E+00 0.0000E+00 0.0000E+00 0.0000E+00 0.0000E+00
20   69.50000  19.0000 217.9000 1.5012E-06 1.0609E-09 3.3900E-11 3.9700E-11 0.0000E+00 3.2026E-06 0.0000E+00 0.0000E+00 0.0000E+00 0.0000E+00 0.0000E+00 0.0000E+00 0.0000E+00 0.0000E+00 0.0000E+00 0.0000E+00 0.0000E+00
21   59.50000  20.0000 219.2000 2.0010E-06 1.3907E-09 3.4300E-11 3.1900E-11 0.0000E+00 3.3016E-06 0.0000E+00 0.0000E+00 0.0000E+00 0.0000E+00 0.0000E+00 0.0000E+00 0.0000E+00 0.0000E+00 0.0000E+00 0.0000E+00 0.0000E+00
22   51.00000  21.0000 220.4000 2.4015E-06 1.7611E-09 3.6800E-11 2.6700E-11 0.0000E+00 3.4521E-06 0.0000E+00 0.0000E+00 0.0000E+00 0.0000E+00 0.0000E+00 0.0000E+00 0.0000E+00 0.0000E+00 0.0000E+00 0.0000E+00 0.0000E+00
23   43.70000  22.0000 221.6000 2.9014E-06 2.1610E-09 4.0300E-11 2.2800E-11 0.0000E+00 3.6017E-06 0.0000E+00 0.0000E+00 0.0000E+00 0.0000E+00 0.0000E+00 0.0000E+00 0.0000E+00 0.0000E+00 0.0000E+00 0.0000E+00 0.0000E+00
24   37.60000  23.0000 222.8000 3.4019E-06 2.5814E-09 4.5000E-11 2.0700E-11 0.0000E+00 3.8521E-06 0.0000E+00 0.0000E+00 0.0000E+00 0.0000E+00 0.0000E+00 0.0000E+00 0.0000E+00 0.0000E+00 0.0000E+00 0.0000E+00 0.0000E+00
25   32.20000  24.0000 223.9000 4.0014E-06 3.0611E-09 5.0600E-11 1.9000E-11 0.0000E+00 4.0014E-06 0.0000E+00 0.0000E+00 0.0000E+00 0.0000E+00 0.0000E+00 0.0000E+00 0.0000E+00 0.0000E+00 0.0000E+00 0.0000E+00 0.0000E+00
26   27.70000  25.0000 225.1000 4.8033E-06 3.7426E-09 5.8200E-11 1.7500E-11 0.0000E+00 4.2029E-06 0.0000E+00 0.0000E+00 0.0000E+00 0.0000E+00 0.0000E+00 0.0000E+00 0.0000E+00 0.0000E+00 0.0000E+00 0.0000E+00 0.0000E+00
27   19.07000  27.5000 228.4500 6.0039E-06 4.8131E-09 7.2100E-11 1.5400E-11 0.0000E+00 4.4529E-06 0.0000E+00 0.0000E+00 0.0000E+00 0.0000E+00 0.0000E+00 0.0000E+00 0.0000E+00 0.0000E+00 0.0000E+00 0.0000E+00 0.0000E+00
28   13.20000  30.0000 233.7000 7.0052E-06 6.1646E-09 8.7300E-11 1.3400E-11 0.0000E+00 4.7035E-06 0.0000E+00 0.0000E+00 0.0000E+00 0.0000E+00 0.0000E+00 0.0000E+00 0.0000E+00 0.0000E+00 0.0000E+00 0.0000E+00 0.0000E+00
29    9.30000  32.5000 239.0000 8.1047E-06 7.2142E-09 1.0100E-11 1.2100E-11 0.0000E+00 4.8528E-06 0.0000E+00 0.0000E+00 0.0000E+00 0.0000E+00 0.0000E+00 0.0000E+00 0.0000E+00 0.0000E+00 0.0000E+00 0.0000E+00 0.0000E+00
30    6.52000  35.0000 245.2000 8.9050E-06 7.2841E-09 1.1100E-10 1.1600E-11 0.0000E+00 4.9528E-06 0.0000E+00 0.0000E+00 0.0000E+00 0.0000E+00 0.0000E+00 0.0000E+00 0.0000E+00 0.0000E+00 0.0000E+00 0.0000E+00 0.0000E+00
31    4.64000  37.5000 251.3000 8.7044E-06 6.2632E-09 1.1300E-10 1.2100E-11 0.0000E+00 5.0025E-06 0.0000E+00 0.0000E+00 0.0000E+00 0.0000E+00 0.0000E+00 0.0000E+00 0.0000E+00 0.0000E+00 0.0000E+00 0.0000E+00 0.0000E+00
32    3.33000  40.0000 257.5000 7.5552E-06 4.0328E-09 1.0300E-10 1.3600E-11 0.0000E+00 5.1035E-06 0.0000E+00 0.0000E+00 0.0000E+00 0.0000E+00 0.0000E+00 0.0000E+00 0.0000E+00 0.0000E+00 0.0000E+00 0.0000E+00 0.0000E+00
33    2.41000  42.5000 263.7000 5.9041E-06 2.1715E-09 7.9500E-11 1.6500E-11 0.0000E+00 5.3037E-06 0.0000E+00 0.0000E+00 0.0000E+00 0.0000E+00 0.0000E+00 0.0000E+00 0.0000E+00 0.0000E+00 0.0000E+00 0.0000E+00 0.0000E+00
34    1.76000  45.0000 269.9000 4.5028E-06 1.1507E-09 4.8200E-11 2.1000E-11 0.0000E+00 5.4534E-06 0.0000E+00 0.0000E+00 0.0000E+00 0.0000E+00 0.0000E+00 0.0000E+00 0.0000E+00 0.0000E+00 0.0000E+00 0.0000E+00 0.0000E+00
35    1.29000  47.5000 275.2000 3.5030E-06 6.6657E-10 1.6300E-11 2.7700E-11 0.0000E+00 5.5047E-06 0.0000E+00 0.0000E+00 0.0000E+00 0.0000E+00 0.0000E+00 0.0000E+00 0.0000E+00 0.0000E+00 0.0000E+00 0.0000E+00 0.0000E+00
36    0.95100  50.0000 275.7000 2.8018E-06 4.4329E-10 5.1000E-12 3.5600E-11 0.0000E+00 5.5036E-06 0.0000E+00 0.0000E+00 0.0000E+00 0.0000E+00 0.0000E+00 0.0000E+00 0.0000E+00 0.0000E+00 0.0000E+00 0.0000E+00 0.0000E+00
37    0.51500  55.0000 269.3000 1.8012E-06 3.3922E-10 2.0000E-12 4.5900E-11 0.0000E+00 5.3535E-06 0.0000E+00 0.0000E+00 0.0000E+00 0.0000E+00 0.0000E+00 0.0000E+00 0.0000E+00 0.0000E+00 0.0000E+00 0.0000E+00 0.0000E+00
38    0.27200  60.0000 257.1000 1.3009E-06 2.8520E-10 1.0500E-12 5.1500E-11 0.0000E+00 5.0035E-06 0.0000E+00 0.0000E+00 0.0000E+00 0.0000E+00 0.0000E+00 0.0000E+00 0.0000E+00 0.0000E+00 0.0000E+00 0.0000E+00 0.0000E+00
39    0.13900  65.0000 240.1000 8.0055E-07 2.5318E-10 6.8600E-13 5.1100E-11 0.0000E+00 4.4031E-06 0.0000E+00 0.0000E+00 0.0000E+00 0.0000E+00 0.0000E+00 0.0000E+00 0.0000E+00 0.0000E+00 0.0000E+00 0.0000E+00 0.0000E+00
40    0.06700  70.0000 218.1000 4.0036E-07 2.3121E-10 5.1400E-13 4.3200E-11 0.0000E+00 3.7033E-06 0.0000E+00 0.0000E+00 0.0000E+00 0.0000E+00 0.0000E+00 0.0000E+00 0.0000E+00 0.0000E+00 0.0000E+00 0.0000E+00 0.0000E+00
41    0.03000  75.0000 196.1000 1.9016E-07 2.1519E-10 4.1600E-13 2.8300E-11 0.0000E+00 2.9526E-06 0.0000E+00 0.0000E+00 0.0000E+00 0.0000E+00 0.0000E+00 0.0000E+00 0.0000E+00 0.0000E+00 0.0000E+00 0.0000E+00 0.0000E+00
42    0.01200  80.0000 174.1000 2.0015E-07 2.0215E-10 3.5300E-13 1.3300E-11 0.0000E+00 2.1016E-06 0.0000E+00 0.0000E+00 0.0000E+00 0.0000E+00 0.0000E+00 0.0000E+00 0.0000E+00 0.0000E+00 0.0000E+00 0.0000E+00 0.0000E+00
43    0.00448  85.0000 165.1000 5.7047E-07 1.9216E-10 3.0900E-13 5.5600E-12 0.0000E+00 1.3311E-06 0.0000E+00 0.0000E+00 0.0000E+00 0.0000E+00 0.0000E+00 0.0000E+00 0.0000E+00 0.0000E+00 0.0000E+00 0.0000E+00 0.0000E+00
44    0.00164  90.0000 165.0000 7.5052E-07 1.8313E-10 2.7600E-13 2.2400E-12 0.0000E+00 8.5059E-07 0.0000E+00 0.0000E+00 0.0000E+00 0.0000E+00 0.0000E+00 0.0000E+00 0.0000E+00 0.0000E+00 0.0000E+00 0.0000E+00 0.0000E+00
45    0.00062  95.0000 178.3000 7.0059E-07 1.7615E-10 2.5000E-13 8.9600E-13 0.0000E+00 5.4045E-07 0.0000E+00 0.0000E+00 0.0000E+00 0.0000E+00 0.0000E+00 0.0000E+00 0.0000E+00 0.0000E+00 0.0000E+00 0.0000E+00 0.0000E+00
46    0.00026 100.0000 190.5000 4.0027E-07 1.7012E-10 2.3000E-13 3.5800E-13 0.0000E+00 4.0027E-07 0.0000E+00 0.0000E+00 0.0000E+00 0.0000E+00 0.0000E+00 0.0000E+00 0.0000E+00 0.0000E+00 0.0000E+00 0.0000E+00 0.0000E+00
47    0.00012 105.0000 222.2000 2.0012E-07 1.6410E-10 2.1300E-13 1.4300E-13 0.0000E+00 3.4020E-07 0.0000E+00 0.0000E+00 0.0000E+00 0.0000E+00 0.0000E+00 0.0000E+00 0.0000E+00 0.0000E+00 0.0000E+00 0.0000E+00 0.0000E+00
48    0.00006 110.0000 262.4000 5.0044E-08 1.5914E-10 1.9800E-13 5.7300E-14 0.0000E+00 2.8025E-07 0.0000E+00 0.0000E+00 0.0000E+00 0.0000E+00 0.0000E+00 0.0000E+00 0.0000E+00 0.0000E+00 0.0000E+00 0.0000E+00 0.0000E+00
49    0.00004 115.0000 316.8000 5.0036E-09 1.5511E-10 1.8600E-13 2.2900E-14 0.0000E+00 2.4017E-07 0.0000E+00 0.0000E+00 0.0000E+00 0.0000E+00 0.0000E+00 0.0000E+00 0.0000E+00 0.0000E+00 0.0000E+00 0.0000E+00 0.0000E+00
50    0.00002 120.0000 380.0000 5.0038E-10 1.5112E-10 1.7500E-13 9.1700E-14 0.0000E+00 2.0015E-07 0.0000E+00 0.0000E+00 0.0000E+00 0.0000E+00 0.0000E+00 0.0000E+00 0.0000E+00 0.0000E+00 0.0000E+00 0.0000E+00 0.0000E+00
