# AFGL atmospheric constituent profile. tropical. ( AFGL-TR-86-0110)       
Data_size = 50 x 21
ProfileIsLevel = 0
YYYY_MM_DD_HH = 9999 99 99 99
Lon_lat =  -999.99  -99.99
SZA_VZA_AZA =    99.9999   99.9999  9999.9999
SurfaceTemperature(K) =   299.7000
SurfacePressure(hPa) =  1013.0000
IsOcean =  0
WindSpeed(m.s-1) =     9.9999
CloudFraction =     9.9999
CloudTopPressure =   999.9999
****** End_Of_Header ******
Lev  Pressure Altitude   TATM       O3         NO2       HCHO        SO2       GLYX        H2O        BRO       OCLO        OSU        OBC        OOC        OSF        OSC        ODU        OWC        OIC        RH    
       hPa      km        K        VMR         VMR        VMR        VMR        VMR        VMR        VMR        VMR                                                                                                 %     
 1 1013.00000   0.0000 299.7000 2.8712E-08 2.3018E-11 2.4000E-09 3.0000E-10 0.0000E+00 2.5950E-02 0.0000E+00 0.0000E+00 0.0000E+00 0.0000E+00 0.0000E+00 0.0000E+00 0.0000E+00 0.0000E+00 0.0000E+00 0.0000E+00 0.0000E+00
 2  904.00000   1.0000 293.7000 3.1523E-08 2.3017E-11 1.0700E-09 2.7400E-10 0.0000E+00 1.9505E-02 0.0000E+00 0.0000E+00 0.0000E+00 0.0000E+00 0.0000E+00 0.0000E+00 0.0000E+00 0.0000E+00 0.0000E+00 0.0000E+00 0.0000E+00
 3  805.00000   2.0000 287.7000 3.3443E-08 2.3016E-11 4.0400E-09 2.3600E-10 0.0000E+00 1.5351E-02 0.0000E+00 0.0000E+00 0.0000E+00 0.0000E+00 0.0000E+00 0.0000E+00 0.0000E+00 0.0000E+00 0.0000E+00 0.0000E+00 0.0000E+00
 4  715.00000   3.0000 283.7000 3.5071E-08 2.3020E-11 2.2700E-10 1.9000E-10 0.0000E+00 8.6075E-03 0.0000E+00 0.0000E+00 0.0000E+00 0.0000E+00 0.0000E+00 0.0000E+00 0.0000E+00 0.0000E+00 0.0000E+00 0.0000E+00 0.0000E+00
 5  633.00000   4.0000 277.0000 3.5628E-08 2.3012E-11 1.4000E-10 1.4600E-10 0.0000E+00 4.4433E-03 0.0000E+00 0.0000E+00 0.0000E+00 0.0000E+00 0.0000E+00 0.0000E+00 0.0000E+00 0.0000E+00 0.0000E+00 0.0000E+00 0.0000E+00
 6  559.00000   5.0000 270.3000 3.7698E-08 2.3017E-11 1.0000E-10 1.1800E-10 0.0000E+00 3.3485E-03 0.0000E+00 0.0000E+00 0.0000E+00 0.0000E+00 0.0000E+00 0.0000E+00 0.0000E+00 0.0000E+00 0.0000E+00 0.0000E+00 0.0000E+00
 7  492.00000   6.0000 263.6000 3.9924E-08 2.3019E-11 7.4400E-11 9.7100E-11 0.0000E+00 2.1028E-03 0.0000E+00 0.0000E+00 0.0000E+00 0.0000E+00 0.0000E+00 0.0000E+00 0.0000E+00 0.0000E+00 0.0000E+00 0.0000E+00 0.0000E+00
 8  432.00000   7.0000 257.0000 4.2248E-08 2.3010E-11 6.0400E-11 8.3000E-11 0.0000E+00 1.2895E-03 0.0000E+00 0.0000E+00 0.0000E+00 0.0000E+00 0.0000E+00 0.0000E+00 0.0000E+00 0.0000E+00 0.0000E+00 0.0000E+00 0.0000E+00
 9  378.00000   8.0000 250.3000 4.4759E-08 2.3025E-11 5.0100E-11 7.2100E-11 0.0000E+00 7.6453E-04 0.0000E+00 0.0000E+00 0.0000E+00 0.0000E+00 0.0000E+00 0.0000E+00 0.0000E+00 0.0000E+00 0.0000E+00 0.0000E+00 0.0000E+00
10  329.00000   9.0000 243.6000 5.0035E-08 2.3216E-11 4.2200E-11 6.5600E-11 0.0000E+00 4.1009E-04 0.0000E+00 0.0000E+00 0.0000E+00 0.0000E+00 0.0000E+00 0.0000E+00 0.0000E+00 0.0000E+00 0.0000E+00 0.0000E+00 0.0000E+00
11  286.00000  10.0000 237.0000 5.5992E-08 2.3818E-11 3.6300E-11 6.0600E-11 0.0000E+00 1.9135E-04 0.0000E+00 0.0000E+00 0.0000E+00 0.0000E+00 0.0000E+00 0.0000E+00 0.0000E+00 0.0000E+00 0.0000E+00 0.0000E+00 0.0000E+00
12  247.00000  11.0000 230.1000 6.6174E-08 2.6217E-11 3.4300E-11 5.7900E-11 0.0000E+00 7.3108E-05 0.0000E+00 0.0000E+00 0.0000E+00 0.0000E+00 0.0000E+00 0.0000E+00 0.0000E+00 0.0000E+00 0.0000E+00 0.0000E+00 0.0000E+00
13  213.00000  12.0000 223.6000 7.8201E-08 3.1520E-11 3.3900E-11 5.6000E-11 0.0000E+00 2.9069E-05 0.0000E+00 0.0000E+00 0.0000E+00 0.0000E+00 0.0000E+00 0.0000E+00 0.0000E+00 0.0000E+00 0.0000E+00 0.0000E+00 0.0000E+00
14  182.00000  13.0000 217.0000 9.2956E-08 4.4532E-11 3.5000E-11 5.5900E-11 0.0000E+00 9.9070E-06 0.0000E+00 0.0000E+00 0.0000E+00 0.0000E+00 0.0000E+00 0.0000E+00 0.0000E+00 0.0000E+00 0.0000E+00 0.0000E+00 0.0000E+00
15  156.00000  14.0000 210.3000 1.0508E-07 7.4859E-11 3.6200E-11 5.6400E-11 0.0000E+00 6.2249E-06 0.0000E+00 0.0000E+00 0.0000E+00 0.0000E+00 0.0000E+00 0.0000E+00 0.0000E+00 0.0000E+00 0.0000E+00 0.0000E+00 0.0000E+00
16  132.00000  15.0000 203.7000 1.2569E-07 1.7113E-10 3.6200E-11 5.7500E-11 0.0000E+00 4.0030E-06 0.0000E+00 0.0000E+00 0.0000E+00 0.0000E+00 0.0000E+00 0.0000E+00 0.0000E+00 0.0000E+00 0.0000E+00 0.0000E+00 0.0000E+00
17  111.00000  16.0000 197.0000 1.4451E-07 3.1923E-10 3.5800E-11 5.7500E-11 0.0000E+00 3.0022E-06 0.0000E+00 0.0000E+00 0.0000E+00 0.0000E+00 0.0000E+00 0.0000E+00 0.0000E+00 0.0000E+00 0.0000E+00 0.0000E+00 0.0000E+00
18   93.70000  17.0000 194.8000 2.5015E-07 5.1932E-10 3.5000E-11 5.3700E-11 0.0000E+00 2.9018E-06 0.0000E+00 0.0000E+00 0.0000E+00 0.0000E+00 0.0000E+00 0.0000E+00 0.0000E+00 0.0000E+00 0.0000E+00 0.0000E+00 0.0000E+00
19   78.90000  18.0000 198.8000 5.0042E-07 7.7165E-10 3.4200E-11 4.7800E-11 0.0000E+00 2.7523E-06 0.0000E+00 0.0000E+00 0.0000E+00 0.0000E+00 0.0000E+00 0.0000E+00 0.0000E+00 0.0000E+00 0.0000E+00 0.0000E+00 0.0000E+00
20   66.60000  19.0000 202.7000 9.5050E-07 1.0606E-09 3.3900E-11 3.9700E-11 0.0000E+00 2.6014E-06 0.0000E+00 0.0000E+00 0.0000E+00 0.0000E+00 0.0000E+00 0.0000E+00 0.0000E+00 0.0000E+00 0.0000E+00 0.0000E+00 0.0000E+00
21   56.50000  20.0000 206.7000 1.4009E-06 1.3908E-09 3.4300E-11 3.1900E-11 0.0000E+00 2.6016E-06 0.0000E+00 0.0000E+00 0.0000E+00 0.0000E+00 0.0000E+00 0.0000E+00 0.0000E+00 0.0000E+00 0.0000E+00 0.0000E+00 0.0000E+00
22   48.00000  21.0000 210.7000 1.8011E-06 1.7610E-09 3.6800E-11 2.6700E-11 0.0000E+00 2.6516E-06 0.0000E+00 0.0000E+00 0.0000E+00 0.0000E+00 0.0000E+00 0.0000E+00 0.0000E+00 0.0000E+00 0.0000E+00 0.0000E+00 0.0000E+00
23   40.90000  22.0000 214.6000 2.4010E-06 2.1609E-09 4.0300E-11 2.2800E-11 0.0000E+00 2.8012E-06 0.0000E+00 0.0000E+00 0.0000E+00 0.0000E+00 0.0000E+00 0.0000E+00 0.0000E+00 0.0000E+00 0.0000E+00 0.0000E+00 0.0000E+00
24   35.00000  23.0000 217.0000 3.4023E-06 2.5817E-09 4.5000E-11 2.0700E-11 0.0000E+00 2.9020E-06 0.0000E+00 0.0000E+00 0.0000E+00 0.0000E+00 0.0000E+00 0.0000E+00 0.0000E+00 0.0000E+00 0.0000E+00 0.0000E+00 0.0000E+00
25   30.00000  24.0000 219.2000 4.3032E-06 3.0622E-09 5.0600E-11 1.9000E-11 0.0000E+00 3.2024E-06 0.0000E+00 0.0000E+00 0.0000E+00 0.0000E+00 0.0000E+00 0.0000E+00 0.0000E+00 0.0000E+00 0.0000E+00 0.0000E+00 0.0000E+00
26   25.70000  25.0000 221.4000 5.4035E-06 3.7424E-09 5.8200E-11 1.7500E-11 0.0000E+00 3.2521E-06 0.0000E+00 0.0000E+00 0.0000E+00 0.0000E+00 0.0000E+00 0.0000E+00 0.0000E+00 0.0000E+00 0.0000E+00 0.0000E+00 0.0000E+00
27   17.63000  27.5000 227.0000 7.8053E-06 4.8132E-09 7.2100E-11 1.5400E-11 0.0000E+00 3.6024E-06 0.0000E+00 0.0000E+00 0.0000E+00 0.0000E+00 0.0000E+00 0.0000E+00 0.0000E+00 0.0000E+00 0.0000E+00 0.0000E+00 0.0000E+00
28   12.20000  30.0000 232.3000 9.3077E-06 6.1651E-09 8.7300E-11 1.3400E-11 0.0000E+00 4.0033E-06 0.0000E+00 0.0000E+00 0.0000E+00 0.0000E+00 0.0000E+00 0.0000E+00 0.0000E+00 0.0000E+00 0.0000E+00 0.0000E+00 0.0000E+00
29    8.52000  32.5000 237.7000 9.8572E-06 7.2153E-09 1.0100E-11 1.2100E-11 0.0000E+00 4.3031E-06 0.0000E+00 0.0000E+00 0.0000E+00 0.0000E+00 0.0000E+00 0.0000E+00 0.0000E+00 0.0000E+00 0.0000E+00 0.0000E+00 0.0000E+00
30    6.00000  35.0000 243.1000 9.7074E-06 7.2856E-09 1.1100E-10 1.1600E-11 0.0000E+00 4.6035E-06 0.0000E+00 0.0000E+00 0.0000E+00 0.0000E+00 0.0000E+00 0.0000E+00 0.0000E+00 0.0000E+00 0.0000E+00 0.0000E+00 0.0000E+00
31    4.26000  37.5000 248.5000 8.8097E-06 6.2669E-09 1.1300E-10 1.2100E-11 0.0000E+00 4.9054E-06 0.0000E+00 0.0000E+00 0.0000E+00 0.0000E+00 0.0000E+00 0.0000E+00 0.0000E+00 0.0000E+00 0.0000E+00 0.0000E+00 0.0000E+00
32    3.05000  40.0000 254.0000 7.5050E-06 4.0327E-09 1.0300E-10 1.3600E-11 0.0000E+00 5.2035E-06 0.0000E+00 0.0000E+00 0.0000E+00 0.0000E+00 0.0000E+00 0.0000E+00 0.0000E+00 0.0000E+00 0.0000E+00 0.0000E+00 0.0000E+00
33    2.20000  42.5000 259.4000 5.9041E-06 2.1715E-09 7.9500E-11 1.6500E-11 0.0000E+00 5.5038E-06 0.0000E+00 0.0000E+00 0.0000E+00 0.0000E+00 0.0000E+00 0.0000E+00 0.0000E+00 0.0000E+00 0.0000E+00 0.0000E+00 0.0000E+00
34    1.59000  45.0000 264.8000 4.5031E-06 1.1508E-09 4.8200E-11 2.1000E-11 0.0000E+00 5.7039E-06 0.0000E+00 0.0000E+00 0.0000E+00 0.0000E+00 0.0000E+00 0.0000E+00 0.0000E+00 0.0000E+00 0.0000E+00 0.0000E+00 0.0000E+00
35    1.16000  47.5000 269.6000 3.4529E-06 6.6656E-10 1.6300E-11 2.7700E-11 0.0000E+00 5.9050E-06 0.0000E+00 0.0000E+00 0.0000E+00 0.0000E+00 0.0000E+00 0.0000E+00 0.0000E+00 0.0000E+00 0.0000E+00 0.0000E+00 0.0000E+00
36    0.85400  50.0000 270.2000 2.8022E-06 4.4335E-10 5.1000E-12 3.5600E-11 0.0000E+00 6.0047E-06 0.0000E+00 0.0000E+00 0.0000E+00 0.0000E+00 0.0000E+00 0.0000E+00 0.0000E+00 0.0000E+00 0.0000E+00 0.0000E+00 0.0000E+00
37    0.45600  55.0000 263.4000 1.8016E-06 3.3930E-10 2.0000E-12 4.5900E-11 0.0000E+00 6.0053E-06 0.0000E+00 0.0000E+00 0.0000E+00 0.0000E+00 0.0000E+00 0.0000E+00 0.0000E+00 0.0000E+00 0.0000E+00 0.0000E+00 0.0000E+00
38    0.23900  60.0000 253.1000 1.1007E-06 2.8519E-10 1.0500E-12 5.1500E-11 0.0000E+00 6.0040E-06 0.0000E+00 0.0000E+00 0.0000E+00 0.0000E+00 0.0000E+00 0.0000E+00 0.0000E+00 0.0000E+00 0.0000E+00 0.0000E+00 0.0000E+00
39    0.12100  65.0000 236.0000 6.5043E-07 2.5317E-10 6.8600E-13 5.1100E-11 0.0000E+00 5.4036E-06 0.0000E+00 0.0000E+00 0.0000E+00 0.0000E+00 0.0000E+00 0.0000E+00 0.0000E+00 0.0000E+00 0.0000E+00 0.0000E+00 0.0000E+00
40    0.05800  70.0000 218.9000 3.0014E-07 2.3111E-10 5.1400E-13 4.3200E-11 0.0000E+00 4.5021E-06 0.0000E+00 0.0000E+00 0.0000E+00 0.0000E+00 0.0000E+00 0.0000E+00 0.0000E+00 0.0000E+00 0.0000E+00 0.0000E+00 0.0000E+00
41    0.02600  75.0000 201.8000 1.8012E-07 2.1514E-10 4.1600E-13 2.8300E-11 0.0000E+00 3.3022E-06 0.0000E+00 0.0000E+00 0.0000E+00 0.0000E+00 0.0000E+00 0.0000E+00 0.0000E+00 0.0000E+00 0.0000E+00 0.0000E+00 0.0000E+00
42    0.01100  80.0000 184.8000 3.3021E-07 2.0213E-10 3.5300E-13 1.3300E-11 0.0000E+00 2.1013E-06 0.0000E+00 0.0000E+00 0.0000E+00 0.0000E+00 0.0000E+00 0.0000E+00 0.0000E+00 0.0000E+00 0.0000E+00 0.0000E+00 0.0000E+00
43    0.00440  85.0000 177.1000 5.0042E-07 1.9216E-10 3.0900E-13 5.5600E-12 0.0000E+00 1.3011E-06 0.0000E+00 0.0000E+00 0.0000E+00 0.0000E+00 0.0000E+00 0.0000E+00 0.0000E+00 0.0000E+00 0.0000E+00 0.0000E+00 0.0000E+00
44    0.00172  90.0000 177.0000 5.2035E-07 1.8312E-10 2.7600E-13 2.2400E-12 0.0000E+00 8.5057E-07 0.0000E+00 0.0000E+00 0.0000E+00 0.0000E+00 0.0000E+00 0.0000E+00 0.0000E+00 0.0000E+00 0.0000E+00 0.0000E+00 0.0000E+00
45    0.00069  95.0000 184.3000 5.0041E-07 1.7614E-10 2.5000E-13 8.9600E-13 0.0000E+00 5.4044E-07 0.0000E+00 0.0000E+00 0.0000E+00 0.0000E+00 0.0000E+00 0.0000E+00 0.0000E+00 0.0000E+00 0.0000E+00 0.0000E+00 0.0000E+00
46    0.00029 100.0000 190.7000 4.0013E-07 1.7006E-10 2.3000E-13 3.5800E-13 0.0000E+00 4.0013E-07 0.0000E+00 0.0000E+00 0.0000E+00 0.0000E+00 0.0000E+00 0.0000E+00 0.0000E+00 0.0000E+00 0.0000E+00 0.0000E+00 0.0000E+00
47    0.00013 105.0000 212.0000 2.0016E-07 1.6413E-10 2.1300E-13 1.4300E-13 0.0000E+00 3.4028E-07 0.0000E+00 0.0000E+00 0.0000E+00 0.0000E+00 0.0000E+00 0.0000E+00 0.0000E+00 0.0000E+00 0.0000E+00 0.0000E+00 0.0000E+00
48    0.00006 110.0000 241.6000 5.0035E-08 1.5911E-10 1.9800E-13 5.7300E-14 0.0000E+00 2.8020E-07 0.0000E+00 0.0000E+00 0.0000E+00 0.0000E+00 0.0000E+00 0.0000E+00 0.0000E+00 0.0000E+00 0.0000E+00 0.0000E+00 0.0000E+00
49    0.00004 115.0000 299.7000 5.0034E-09 1.5510E-10 1.8600E-13 2.2900E-14 0.0000E+00 2.4016E-07 0.0000E+00 0.0000E+00 0.0000E+00 0.0000E+00 0.0000E+00 0.0000E+00 0.0000E+00 0.0000E+00 0.0000E+00 0.0000E+00 0.0000E+00
50    0.00002 120.0000 380.0000 4.9259E-10 1.4876E-10 1.7500E-13 9.1700E-14 0.0000E+00 1.9704E-07 0.0000E+00 0.0000E+00 0.0000E+00 0.0000E+00 0.0000E+00 0.0000E+00 0.0000E+00 0.0000E+00 0.0000E+00 0.0000E+00 0.0000E+00
