# AFGL atmospheric constituent profile. subarctic winter. ( AFGL-TR-86-0110)       
Data_size = 50 x 21
ProfileIsLevel = 0
YYYY_MM_DD_HH = 9999 99 99 99
Lon_lat =  -999.99  -99.99
SZA_VZA_AZA =    99.9999   99.9999  9999.9999
SurfaceTemperature(K) =   257.2000
SurfacePressure(hPa) =  1013.0000
IsOcean =  0
WindSpeed(m.s-1) =     9.9999
CloudFraction =     9.9999
CloudTopPressure =   999.9999
****** End_Of_Header ******
Lev  Pressure Altitude   TATM       O3         NO2       HCHO        SO2       GLYX        H2O        BRO       OCLO        OSU        OBC        OOC        OSF        OSC        ODU        OWC        OIC        RH    
       hPa      km        K        VMR         VMR        VMR        VMR        VMR        VMR        VMR        VMR                                                                                                 %     
 1 1013.00000   0.0000 257.2000 1.8035E-08 2.3019E-11 2.4000E-09 3.0000E-10 0.0000E+00 1.4062E-03 0.0000E+00 0.0000E+00 0.0000E+00 0.0000E+00 0.0000E+00 0.0000E+00 0.0000E+00 0.0000E+00 0.0000E+00 0.0000E+00 0.0000E+00
 2  887.79999   1.0000 259.1000 2.0739E-08 2.3021E-11 1.0700E-09 2.7400E-10 0.0000E+00 1.6165E-03 0.0000E+00 0.0000E+00 0.0000E+00 0.0000E+00 0.0000E+00 0.0000E+00 0.0000E+00 0.0000E+00 0.0000E+00 0.0000E+00 0.0000E+00
 3  777.50000   2.0000 255.9000 2.3375E-08 2.3015E-11 4.0400E-09 2.3600E-10 0.0000E+00 1.4279E-03 0.0000E+00 0.0000E+00 0.0000E+00 0.0000E+00 0.0000E+00 0.0000E+00 0.0000E+00 0.0000E+00 0.0000E+00 0.0000E+00 0.0000E+00
 4  679.79999   3.0000 252.7000 2.7692E-08 2.3018E-11 2.2700E-10 1.9000E-10 0.0000E+00 1.1669E-03 0.0000E+00 0.0000E+00 0.0000E+00 0.0000E+00 0.0000E+00 0.0000E+00 0.0000E+00 0.0000E+00 0.0000E+00 0.0000E+00 0.0000E+00
 5  593.20001   4.0000 247.7000 3.2557E-08 2.3019E-11 1.4000E-10 1.4600E-10 0.0000E+00 7.9046E-04 0.0000E+00 0.0000E+00 0.0000E+00 0.0000E+00 0.0000E+00 0.0000E+00 0.0000E+00 0.0000E+00 0.0000E+00 0.0000E+00 0.0000E+00
 6  515.79999   5.0000 240.9000 3.8039E-08 2.3018E-11 1.0000E-10 1.1800E-10 0.0000E+00 4.3123E-04 0.0000E+00 0.0000E+00 0.0000E+00 0.0000E+00 0.0000E+00 0.0000E+00 0.0000E+00 0.0000E+00 0.0000E+00 0.0000E+00 0.0000E+00
 7  446.70001   6.0000 234.1000 4.4490E-08 2.3016E-11 7.4400E-11 9.7100E-11 0.0000E+00 2.3706E-04 0.0000E+00 0.0000E+00 0.0000E+00 0.0000E+00 0.0000E+00 0.0000E+00 0.0000E+00 0.0000E+00 0.0000E+00 0.0000E+00 0.0000E+00
 8  385.29999   7.0000 227.3000 7.2594E-08 2.3023E-11 6.0400E-11 8.3000E-11 0.0000E+00 1.4715E-04 0.0000E+00 0.0000E+00 0.0000E+00 0.0000E+00 0.0000E+00 0.0000E+00 0.0000E+00 0.0000E+00 0.0000E+00 0.0000E+00 0.0000E+00
 9  330.79999   8.0000 220.6000 1.0409E-07 2.3019E-11 5.0100E-11 7.2100E-11 0.0000E+00 3.3868E-05 0.0000E+00 0.0000E+00 0.0000E+00 0.0000E+00 0.0000E+00 0.0000E+00 0.0000E+00 0.0000E+00 0.0000E+00 0.0000E+00 0.0000E+00
10  282.89999   9.0000 217.2000 2.1014E-07 2.3215E-11 4.2200E-11 6.5600E-11 0.0000E+00 2.9780E-05 0.0000E+00 0.0000E+00 0.0000E+00 0.0000E+00 0.0000E+00 0.0000E+00 0.0000E+00 0.0000E+00 0.0000E+00 0.0000E+00 0.0000E+00
11  241.80000  10.0000 217.2000 3.0022E-07 2.3817E-11 3.6300E-11 6.0600E-11 0.0000E+00 2.0014E-05 0.0000E+00 0.0000E+00 0.0000E+00 0.0000E+00 0.0000E+00 0.0000E+00 0.0000E+00 0.0000E+00 0.0000E+00 0.0000E+00 0.0000E+00
12  206.70000  11.0000 217.2000 3.5027E-07 2.6220E-11 3.4300E-11 5.7900E-11 0.0000E+00 1.0008E-05 0.0000E+00 0.0000E+00 0.0000E+00 0.0000E+00 0.0000E+00 0.0000E+00 0.0000E+00 0.0000E+00 0.0000E+00 0.0000E+00 0.0000E+00
13  176.60001  12.0000 217.2000 4.0027E-07 3.1521E-11 3.3900E-11 5.6000E-11 0.0000E+00 6.0041E-06 0.0000E+00 0.0000E+00 0.0000E+00 0.0000E+00 0.0000E+00 0.0000E+00 0.0000E+00 0.0000E+00 0.0000E+00 0.0000E+00 0.0000E+00
14  151.00000  13.0000 217.2000 6.5047E-07 4.4532E-11 3.5000E-11 5.5900E-11 0.0000E+00 4.4532E-06 0.0000E+00 0.0000E+00 0.0000E+00 0.0000E+00 0.0000E+00 0.0000E+00 0.0000E+00 0.0000E+00 0.0000E+00 0.0000E+00 0.0000E+00
15  129.10001  14.0000 217.2000 9.0062E-07 7.4851E-11 3.6200E-11 5.6400E-11 0.0000E+00 4.5031E-06 0.0000E+00 0.0000E+00 0.0000E+00 0.0000E+00 0.0000E+00 0.0000E+00 0.0000E+00 0.0000E+00 0.0000E+00 0.0000E+00 0.0000E+00
16  110.30000  15.0000 217.2000 1.2009E-06 1.7113E-10 3.6200E-11 5.7500E-11 0.0000E+00 4.5535E-06 0.0000E+00 0.0000E+00 0.0000E+00 0.0000E+00 0.0000E+00 0.0000E+00 0.0000E+00 0.0000E+00 0.0000E+00 0.0000E+00 0.0000E+00
17   94.31000  16.0000 216.6000 1.5011E-06 3.1924E-10 3.5800E-11 5.7500E-11 0.0000E+00 4.6035E-06 0.0000E+00 0.0000E+00 0.0000E+00 0.0000E+00 0.0000E+00 0.0000E+00 0.0000E+00 0.0000E+00 0.0000E+00 0.0000E+00 0.0000E+00
18   80.58000  17.0000 216.0000 1.9014E-06 5.1938E-10 3.5000E-11 5.3700E-11 0.0000E+00 4.6534E-06 0.0000E+00 0.0000E+00 0.0000E+00 0.0000E+00 0.0000E+00 0.0000E+00 0.0000E+00 0.0000E+00 0.0000E+00 0.0000E+00 0.0000E+00
19   68.82000  18.0000 215.4000 2.4520E-06 7.7164E-10 3.4200E-11 4.7800E-11 0.0000E+00 4.7039E-06 0.0000E+00 0.0000E+00 0.0000E+00 0.0000E+00 0.0000E+00 0.0000E+00 0.0000E+00 0.0000E+00 0.0000E+00 0.0000E+00 0.0000E+00
20   58.75000  19.0000 214.8000 3.1016E-06 1.0605E-09 3.3900E-11 3.9700E-11 0.0000E+00 4.7524E-06 0.0000E+00 0.0000E+00 0.0000E+00 0.0000E+00 0.0000E+00 0.0000E+00 0.0000E+00 0.0000E+00 0.0000E+00 0.0000E+00 0.0000E+00
21   50.14000  20.0000 214.2000 3.7035E-06 1.3913E-09 3.4300E-11 3.1900E-11 0.0000E+00 4.8045E-06 0.0000E+00 0.0000E+00 0.0000E+00 0.0000E+00 0.0000E+00 0.0000E+00 0.0000E+00 0.0000E+00 0.0000E+00 0.0000E+00 0.0000E+00
22   42.77000  21.0000 213.6000 4.0020E-06 1.7609E-09 3.6800E-11 2.6700E-11 0.0000E+00 4.8524E-06 0.0000E+00 0.0000E+00 0.0000E+00 0.0000E+00 0.0000E+00 0.0000E+00 0.0000E+00 0.0000E+00 0.0000E+00 0.0000E+00 0.0000E+00
23   36.47000  22.0000 213.0000 4.2029E-06 2.1615E-09 4.0300E-11 2.2800E-11 0.0000E+00 4.9034E-06 0.0000E+00 0.0000E+00 0.0000E+00 0.0000E+00 0.0000E+00 0.0000E+00 0.0000E+00 0.0000E+00 0.0000E+00 0.0000E+00 0.0000E+00
24   31.09000  23.0000 212.4000 4.5035E-06 2.5820E-09 4.5000E-11 2.0700E-11 0.0000E+00 4.9538E-06 0.0000E+00 0.0000E+00 0.0000E+00 0.0000E+00 0.0000E+00 0.0000E+00 0.0000E+00 0.0000E+00 0.0000E+00 0.0000E+00 0.0000E+00
25   26.49000  24.0000 211.8000 4.6032E-06 3.0621E-09 5.0600E-11 1.9000E-11 0.0000E+00 5.0035E-06 0.0000E+00 0.0000E+00 0.0000E+00 0.0000E+00 0.0000E+00 0.0000E+00 0.0000E+00 0.0000E+00 0.0000E+00 0.0000E+00 0.0000E+00
26   22.56000  25.0000 211.2000 4.7032E-06 3.7426E-09 5.8200E-11 1.7500E-11 0.0000E+00 5.0034E-06 0.0000E+00 0.0000E+00 0.0000E+00 0.0000E+00 0.0000E+00 0.0000E+00 0.0000E+00 0.0000E+00 0.0000E+00 0.0000E+00 0.0000E+00
27   15.13000  27.5000 213.6000 4.9035E-06 4.8134E-09 7.2100E-11 1.5400E-11 0.0000E+00 5.0035E-06 0.0000E+00 0.0000E+00 0.0000E+00 0.0000E+00 0.0000E+00 0.0000E+00 0.0000E+00 0.0000E+00 0.0000E+00 0.0000E+00 0.0000E+00
28   10.20000  30.0000 216.0000 5.4043E-06 6.1649E-09 8.7300E-11 1.3400E-11 0.0000E+00 5.0040E-06 0.0000E+00 0.0000E+00 0.0000E+00 0.0000E+00 0.0000E+00 0.0000E+00 0.0000E+00 0.0000E+00 0.0000E+00 0.0000E+00 0.0000E+00
29    6.91000  32.5000 218.5000 5.9038E-06 7.2146E-09 1.0100E-11 1.2100E-11 0.0000E+00 5.0032E-06 0.0000E+00 0.0000E+00 0.0000E+00 0.0000E+00 0.0000E+00 0.0000E+00 0.0000E+00 0.0000E+00 0.0000E+00 0.0000E+00 0.0000E+00
30    4.70100  35.0000 222.3000 6.2054E-06 7.2864E-09 1.1100E-10 1.1600E-11 0.0000E+00 5.0044E-06 0.0000E+00 0.0000E+00 0.0000E+00 0.0000E+00 0.0000E+00 0.0000E+00 0.0000E+00 0.0000E+00 0.0000E+00 0.0000E+00 0.0000E+00
31    3.23000  37.5000 228.5000 6.2571E-06 6.2671E-09 1.1300E-10 1.2100E-11 0.0000E+00 5.0057E-06 0.0000E+00 0.0000E+00 0.0000E+00 0.0000E+00 0.0000E+00 0.0000E+00 0.0000E+00 0.0000E+00 0.0000E+00 0.0000E+00 0.0000E+00
32    2.24300  40.0000 234.7000 5.9043E-06 4.0329E-09 1.0300E-10 1.3600E-11 0.0000E+00 5.0037E-06 0.0000E+00 0.0000E+00 0.0000E+00 0.0000E+00 0.0000E+00 0.0000E+00 0.0000E+00 0.0000E+00 0.0000E+00 0.0000E+00 0.0000E+00
33    1.57000  42.5000 240.8000 5.1040E-06 2.1717E-09 7.9500E-11 1.6500E-11 0.0000E+00 5.0039E-06 0.0000E+00 0.0000E+00 0.0000E+00 0.0000E+00 0.0000E+00 0.0000E+00 0.0000E+00 0.0000E+00 0.0000E+00 0.0000E+00 0.0000E+00
34    1.11300  45.0000 247.0000 4.1029E-06 1.1508E-09 4.8200E-11 2.1000E-11 0.0000E+00 5.0035E-06 0.0000E+00 0.0000E+00 0.0000E+00 0.0000E+00 0.0000E+00 0.0000E+00 0.0000E+00 0.0000E+00 0.0000E+00 0.0000E+00 0.0000E+00
35    0.79000  47.5000 253.2000 3.0016E-06 6.6635E-10 1.6300E-11 2.7700E-11 0.0000E+00 5.0026E-06 0.0000E+00 0.0000E+00 0.0000E+00 0.0000E+00 0.0000E+00 0.0000E+00 0.0000E+00 0.0000E+00 0.0000E+00 0.0000E+00 0.0000E+00
36    0.57190  50.0000 259.3000 2.6025E-06 4.4343E-10 5.1000E-12 3.5600E-11 0.0000E+00 4.9548E-06 0.0000E+00 0.0000E+00 0.0000E+00 0.0000E+00 0.0000E+00 0.0000E+00 0.0000E+00 0.0000E+00 0.0000E+00 0.0000E+00 0.0000E+00
37    0.29900  55.0000 259.1000 1.6011E-06 3.3923E-10 2.0000E-12 4.5900E-11 0.0000E+00 4.8533E-06 0.0000E+00 0.0000E+00 0.0000E+00 0.0000E+00 0.0000E+00 0.0000E+00 0.0000E+00 0.0000E+00 0.0000E+00 0.0000E+00 0.0000E+00
38    0.15500  60.0000 250.9000 9.5075E-07 2.8522E-10 1.0500E-12 5.1500E-11 0.0000E+00 4.5035E-06 0.0000E+00 0.0000E+00 0.0000E+00 0.0000E+00 0.0000E+00 0.0000E+00 0.0000E+00 0.0000E+00 0.0000E+00 0.0000E+00 0.0000E+00
39    0.07900  65.0000 248.4000 6.5042E-07 2.5317E-10 6.8600E-13 5.1100E-11 0.0000E+00 4.0026E-06 0.0000E+00 0.0000E+00 0.0000E+00 0.0000E+00 0.0000E+00 0.0000E+00 0.0000E+00 0.0000E+00 0.0000E+00 0.0000E+00 0.0000E+00
40    0.04000  70.0000 245.4000 5.0018E-07 2.3108E-10 5.1400E-13 4.3200E-11 0.0000E+00 3.3012E-06 0.0000E+00 0.0000E+00 0.0000E+00 0.0000E+00 0.0000E+00 0.0000E+00 0.0000E+00 0.0000E+00 0.0000E+00 0.0000E+00 0.0000E+00
41    0.02000  75.0000 234.7000 3.3021E-07 2.1514E-10 4.1600E-13 2.8300E-11 0.0000E+00 2.7017E-06 0.0000E+00 0.0000E+00 0.0000E+00 0.0000E+00 0.0000E+00 0.0000E+00 0.0000E+00 0.0000E+00 0.0000E+00 0.0000E+00 0.0000E+00
42    0.00966  80.0000 223.9000 1.3009E-07 2.0214E-10 3.5300E-13 1.3300E-11 0.0000E+00 2.0013E-06 0.0000E+00 0.0000E+00 0.0000E+00 0.0000E+00 0.0000E+00 0.0000E+00 0.0000E+00 0.0000E+00 0.0000E+00 0.0000E+00 0.0000E+00
43    0.00450  85.0000 213.1000 7.5075E-07 1.9219E-10 3.0900E-13 5.5600E-12 0.0000E+00 1.3313E-06 0.0000E+00 0.0000E+00 0.0000E+00 0.0000E+00 0.0000E+00 0.0000E+00 0.0000E+00 0.0000E+00 0.0000E+00 0.0000E+00 0.0000E+00
44    0.00202  90.0000 202.3000 8.0052E-07 1.8312E-10 2.7600E-13 2.2400E-12 0.0000E+00 8.5055E-07 0.0000E+00 0.0000E+00 0.0000E+00 0.0000E+00 0.0000E+00 0.0000E+00 0.0000E+00 0.0000E+00 0.0000E+00 0.0000E+00 0.0000E+00
45    0.00091  95.0000 211.0000 8.0066E-07 1.7615E-10 2.5000E-13 8.9600E-13 0.0000E+00 5.4045E-07 0.0000E+00 0.0000E+00 0.0000E+00 0.0000E+00 0.0000E+00 0.0000E+00 0.0000E+00 0.0000E+00 0.0000E+00 0.0000E+00 0.0000E+00
46    0.00042 100.0000 218.5000 4.0024E-07 1.7010E-10 2.3000E-13 3.5800E-13 0.0000E+00 4.0024E-07 0.0000E+00 0.0000E+00 0.0000E+00 0.0000E+00 0.0000E+00 0.0000E+00 0.0000E+00 0.0000E+00 0.0000E+00 0.0000E+00 0.0000E+00
47    0.00021 105.0000 234.0000 2.0015E-07 1.6412E-10 2.1300E-13 1.4300E-13 0.0000E+00 3.4026E-07 0.0000E+00 0.0000E+00 0.0000E+00 0.0000E+00 0.0000E+00 0.0000E+00 0.0000E+00 0.0000E+00 0.0000E+00 0.0000E+00 0.0000E+00
48    0.00011 110.0000 252.6000 5.0037E-08 1.5912E-10 1.9800E-13 5.7300E-14 0.0000E+00 2.8021E-07 0.0000E+00 0.0000E+00 0.0000E+00 0.0000E+00 0.0000E+00 0.0000E+00 0.0000E+00 0.0000E+00 0.0000E+00 0.0000E+00 0.0000E+00
49    0.00006 115.0000 288.5000 5.0023E-09 1.5507E-10 1.8600E-13 2.2900E-14 0.0000E+00 2.4011E-07 0.0000E+00 0.0000E+00 0.0000E+00 0.0000E+00 0.0000E+00 0.0000E+00 0.0000E+00 0.0000E+00 0.0000E+00 0.0000E+00 0.0000E+00
50    0.00004 120.0000 333.0000 5.0036E-10 1.5111E-10 1.7500E-13 9.1700E-14 0.0000E+00 2.0014E-07 0.0000E+00 0.0000E+00 0.0000E+00 0.0000E+00 0.0000E+00 0.0000E+00 0.0000E+00 0.0000E+00 0.0000E+00 0.0000E+00 0.0000E+00
