# AFGL atmospheric constituent profile. midlatitude winter. ( AFGL-TR-86-0110)       
Data_size = 50 x 21
ProfileIsLevel = 0
YYYY_MM_DD_HH = 9999 99 99 99
Lon_lat =  -999.99  -99.99
SZA_VZA_AZA =    99.9999   99.9999  9999.9999
SurfaceTemperature(K) =   272.2000
SurfacePressure(hPa) =  1018.0000
IsOcean =  0
WindSpeed(m.s-1) =     9.9999
CloudFraction =     9.9999
CloudTopPressure =   999.9999
****** End_Of_Header ******
Lev  Pressure Altitude   TATM       O3         NO2       HCHO        SO2       GLYX        H2O        BRO       OCLO        OSU        OBC        OOC        OSF        OSC        ODU        OWC        OIC        RH    
       hPa      km        K        VMR         VMR        VMR        VMR        VMR        VMR        VMR        VMR                                                                                                 %     
 1 1018.00000   0.0000 272.2000 2.7803E-08 2.3019E-11 2.4000E-09 3.0000E-10 0.0000E+00 4.3196E-03 0.0000E+00 0.0000E+00 0.0000E+00 0.0000E+00 0.0000E+00 0.0000E+00 0.0000E+00 0.0000E+00 0.0000E+00 0.0000E+00 0.0000E+00
 2  897.29999   1.0000 268.7000 2.8015E-08 2.3012E-11 1.0700E-09 2.7400E-10 0.0000E+00 3.4559E-03 0.0000E+00 0.0000E+00 0.0000E+00 0.0000E+00 0.0000E+00 0.0000E+00 0.0000E+00 0.0000E+00 0.0000E+00 0.0000E+00 0.0000E+00
 3  789.70001   2.0000 265.2000 2.8506E-08 2.3013E-11 4.0400E-09 2.3600E-10 0.0000E+00 2.7896E-03 0.0000E+00 0.0000E+00 0.0000E+00 0.0000E+00 0.0000E+00 0.0000E+00 0.0000E+00 0.0000E+00 0.0000E+00 0.0000E+00 0.0000E+00
 4  693.79999   3.0000 261.7000 3.2030E-08 2.3022E-11 2.2700E-10 1.9000E-10 0.0000E+00 2.0900E-03 0.0000E+00 0.0000E+00 0.0000E+00 0.0000E+00 0.0000E+00 0.0000E+00 0.0000E+00 0.0000E+00 0.0000E+00 0.0000E+00 0.0000E+00
 5  608.09998   4.0000 255.7000 3.5701E-08 2.3020E-11 1.4000E-10 1.4600E-10 0.0000E+00 1.2811E-03 0.0000E+00 0.0000E+00 0.0000E+00 0.0000E+00 0.0000E+00 0.0000E+00 0.0000E+00 0.0000E+00 0.0000E+00 0.0000E+00 0.0000E+00
 6  531.29999   5.0000 249.7000 4.7227E-08 2.3013E-11 1.0000E-10 1.1800E-10 0.0000E+00 8.2458E-04 0.0000E+00 0.0000E+00 0.0000E+00 0.0000E+00 0.0000E+00 0.0000E+00 0.0000E+00 0.0000E+00 0.0000E+00 0.0000E+00 0.0000E+00
 7  462.70001   6.0000 243.7000 5.8405E-08 2.3014E-11 7.4400E-11 9.7100E-11 0.0000E+00 5.1061E-04 0.0000E+00 0.0000E+00 0.0000E+00 0.0000E+00 0.0000E+00 0.0000E+00 0.0000E+00 0.0000E+00 0.0000E+00 0.0000E+00 0.0000E+00
 8  401.60001   7.0000 237.7000 7.8994E-08 2.3024E-11 6.0400E-11 8.3000E-11 0.0000E+00 2.3235E-04 0.0000E+00 0.0000E+00 0.0000E+00 0.0000E+00 0.0000E+00 0.0000E+00 0.0000E+00 0.0000E+00 0.0000E+00 0.0000E+00 0.0000E+00
 9  347.29999   8.0000 231.7000 1.0393E-07 2.3007E-11 5.0100E-11 7.2100E-11 0.0000E+00 1.0773E-04 0.0000E+00 0.0000E+00 0.0000E+00 0.0000E+00 0.0000E+00 0.0000E+00 0.0000E+00 0.0000E+00 0.0000E+00 0.0000E+00 0.0000E+00
10  299.29999   9.0000 225.7000 1.5682E-07 2.3217E-11 4.2200E-11 6.5600E-11 0.0000E+00 5.5702E-05 0.0000E+00 0.0000E+00 0.0000E+00 0.0000E+00 0.0000E+00 0.0000E+00 0.0000E+00 0.0000E+00 0.0000E+00 0.0000E+00 0.0000E+00
11  256.79999  10.0000 219.7000 2.3717E-07 2.3817E-11 3.6300E-11 6.0600E-11 0.0000E+00 2.9621E-05 0.0000E+00 0.0000E+00 0.0000E+00 0.0000E+00 0.0000E+00 0.0000E+00 0.0000E+00 0.0000E+00 0.0000E+00 0.0000E+00 0.0000E+00
12  219.89999  11.0000 219.2000 3.6265E-07 2.6218E-11 3.4300E-11 5.7900E-11 0.0000E+00 1.0007E-05 0.0000E+00 0.0000E+00 0.0000E+00 0.0000E+00 0.0000E+00 0.0000E+00 0.0000E+00 0.0000E+00 0.0000E+00 0.0000E+00 0.0000E+00
13  188.20000  12.0000 218.7000 5.2355E-07 3.1521E-11 3.3900E-11 5.6000E-11 0.0000E+00 6.0041E-06 0.0000E+00 0.0000E+00 0.0000E+00 0.0000E+00 0.0000E+00 0.0000E+00 0.0000E+00 0.0000E+00 0.0000E+00 0.0000E+00 0.0000E+00
14  161.10001  13.0000 218.2000 7.0406E-07 4.4529E-11 3.5000E-11 5.5900E-11 0.0000E+00 5.0033E-06 0.0000E+00 0.0000E+00 0.0000E+00 0.0000E+00 0.0000E+00 0.0000E+00 0.0000E+00 0.0000E+00 0.0000E+00 0.0000E+00 0.0000E+00
15  137.80000  14.0000 217.7000 8.0059E-07 7.4855E-11 3.6200E-11 5.6400E-11 0.0000E+00 4.8035E-06 0.0000E+00 0.0000E+00 0.0000E+00 0.0000E+00 0.0000E+00 0.0000E+00 0.0000E+00 0.0000E+00 0.0000E+00 0.0000E+00 0.0000E+00
16  117.80000  15.0000 217.2000 9.0063E-07 1.7112E-10 3.6200E-11 5.7500E-11 0.0000E+00 4.7033E-06 0.0000E+00 0.0000E+00 0.0000E+00 0.0000E+00 0.0000E+00 0.0000E+00 0.0000E+00 0.0000E+00 0.0000E+00 0.0000E+00 0.0000E+00
17  100.70000  16.0000 216.7000 1.1007E-06 3.1921E-10 3.5800E-11 5.7500E-11 0.0000E+00 4.6031E-06 0.0000E+00 0.0000E+00 0.0000E+00 0.0000E+00 0.0000E+00 0.0000E+00 0.0000E+00 0.0000E+00 0.0000E+00 0.0000E+00 0.0000E+00
18   86.10000  17.0000 216.2000 1.4008E-06 5.1928E-10 3.5000E-11 5.3700E-11 0.0000E+00 4.5025E-06 0.0000E+00 0.0000E+00 0.0000E+00 0.0000E+00 0.0000E+00 0.0000E+00 0.0000E+00 0.0000E+00 0.0000E+00 0.0000E+00 0.0000E+00
19   73.60000  18.0000 215.7000 1.8012E-06 7.7151E-10 3.4200E-11 4.7800E-11 0.0000E+00 4.5030E-06 0.0000E+00 0.0000E+00 0.0000E+00 0.0000E+00 0.0000E+00 0.0000E+00 0.0000E+00 0.0000E+00 0.0000E+00 0.0000E+00 0.0000E+00
20   62.80000  19.0000 215.2000 2.3015E-06 1.0607E-09 3.3900E-11 3.9700E-11 0.0000E+00 4.5029E-06 0.0000E+00 0.0000E+00 0.0000E+00 0.0000E+00 0.0000E+00 0.0000E+00 0.0000E+00 0.0000E+00 0.0000E+00 0.0000E+00 0.0000E+00
21   53.70000  20.0000 215.2000 2.9026E-06 1.3913E-09 3.4300E-11 3.1900E-11 0.0000E+00 4.5041E-06 0.0000E+00 0.0000E+00 0.0000E+00 0.0000E+00 0.0000E+00 0.0000E+00 0.0000E+00 0.0000E+00 0.0000E+00 0.0000E+00 0.0000E+00
22   45.80000  21.0000 215.2000 3.5035E-06 1.7617E-09 3.6800E-11 2.6700E-11 0.0000E+00 4.5045E-06 0.0000E+00 0.0000E+00 0.0000E+00 0.0000E+00 0.0000E+00 0.0000E+00 0.0000E+00 0.0000E+00 0.0000E+00 0.0000E+00 0.0000E+00
23   39.10000  22.0000 215.2000 3.9030E-06 2.1617E-09 4.0300E-11 2.2800E-11 0.0000E+00 4.5335E-06 0.0000E+00 0.0000E+00 0.0000E+00 0.0000E+00 0.0000E+00 0.0000E+00 0.0000E+00 0.0000E+00 0.0000E+00 0.0000E+00 0.0000E+00
24   33.40000  23.0000 215.2000 4.3033E-06 2.5820E-09 4.5000E-11 2.0700E-11 0.0000E+00 4.5535E-06 0.0000E+00 0.0000E+00 0.0000E+00 0.0000E+00 0.0000E+00 0.0000E+00 0.0000E+00 0.0000E+00 0.0000E+00 0.0000E+00 0.0000E+00
25   28.60000  24.0000 215.2000 4.7035E-06 3.0623E-09 5.0600E-11 1.9000E-11 0.0000E+00 4.6035E-06 0.0000E+00 0.0000E+00 0.0000E+00 0.0000E+00 0.0000E+00 0.0000E+00 0.0000E+00 0.0000E+00 0.0000E+00 0.0000E+00 0.0000E+00
26   24.40000  25.0000 215.2000 5.1036E-06 3.7426E-09 5.8200E-11 1.7500E-11 0.0000E+00 4.6533E-06 0.0000E+00 0.0000E+00 0.0000E+00 0.0000E+00 0.0000E+00 0.0000E+00 0.0000E+00 0.0000E+00 0.0000E+00 0.0000E+00 0.0000E+00
27   16.46000  27.5000 215.5000 5.6039E-06 4.8133E-09 7.2100E-11 1.5400E-11 0.0000E+00 4.7033E-06 0.0000E+00 0.0000E+00 0.0000E+00 0.0000E+00 0.0000E+00 0.0000E+00 0.0000E+00 0.0000E+00 0.0000E+00 0.0000E+00 0.0000E+00
28   11.10000  30.0000 217.4000 6.1048E-06 6.1649E-09 8.7300E-11 1.3400E-11 0.0000E+00 4.7538E-06 0.0000E+00 0.0000E+00 0.0000E+00 0.0000E+00 0.0000E+00 0.0000E+00 0.0000E+00 0.0000E+00 0.0000E+00 0.0000E+00 0.0000E+00
29    7.56000  32.5000 220.4000 6.8044E-06 7.2146E-09 1.0100E-11 1.2100E-11 0.0000E+00 4.8031E-06 0.0000E+00 0.0000E+00 0.0000E+00 0.0000E+00 0.0000E+00 0.0000E+00 0.0000E+00 0.0000E+00 0.0000E+00 0.0000E+00 0.0000E+00
30    5.18000  35.0000 227.9000 7.1032E-06 7.2833E-09 1.1100E-10 1.1600E-11 0.0000E+00 4.8522E-06 0.0000E+00 0.0000E+00 0.0000E+00 0.0000E+00 0.0000E+00 0.0000E+00 0.0000E+00 0.0000E+00 0.0000E+00 0.0000E+00 0.0000E+00
31    3.60000  37.5000 235.5000 7.2052E-06 6.2646E-09 1.1300E-10 1.2100E-11 0.0000E+00 4.9036E-06 0.0000E+00 0.0000E+00 0.0000E+00 0.0000E+00 0.0000E+00 0.0000E+00 0.0000E+00 0.0000E+00 0.0000E+00 0.0000E+00 0.0000E+00
32    2.53000  40.0000 243.2000 6.9048E-06 4.0328E-09 1.0300E-10 1.3600E-11 0.0000E+00 4.9535E-06 0.0000E+00 0.0000E+00 0.0000E+00 0.0000E+00 0.0000E+00 0.0000E+00 0.0000E+00 0.0000E+00 0.0000E+00 0.0000E+00 0.0000E+00
33    1.80000  42.5000 250.8000 5.9043E-06 2.1716E-09 7.9500E-11 1.6500E-11 0.0000E+00 5.0036E-06 0.0000E+00 0.0000E+00 0.0000E+00 0.0000E+00 0.0000E+00 0.0000E+00 0.0000E+00 0.0000E+00 0.0000E+00 0.0000E+00 0.0000E+00
34    1.29000  45.0000 258.5000 4.6033E-06 1.1508E-09 4.8200E-11 2.1000E-11 0.0000E+00 5.0035E-06 0.0000E+00 0.0000E+00 0.0000E+00 0.0000E+00 0.0000E+00 0.0000E+00 0.0000E+00 0.0000E+00 0.0000E+00 0.0000E+00 0.0000E+00
35    0.94000  47.5000 265.1000 3.7026E-06 6.6647E-10 1.6300E-11 2.7700E-11 0.0000E+00 5.0035E-06 0.0000E+00 0.0000E+00 0.0000E+00 0.0000E+00 0.0000E+00 0.0000E+00 0.0000E+00 0.0000E+00 0.0000E+00 0.0000E+00 0.0000E+00
36    0.68300  50.0000 265.7000 2.7517E-06 4.4328E-10 5.1000E-12 3.5600E-11 0.0000E+00 4.9531E-06 0.0000E+00 0.0000E+00 0.0000E+00 0.0000E+00 0.0000E+00 0.0000E+00 0.0000E+00 0.0000E+00 0.0000E+00 0.0000E+00 0.0000E+00
37    0.36200  55.0000 260.6000 1.7015E-06 3.3930E-10 2.0000E-12 4.5900E-11 0.0000E+00 4.8543E-06 0.0000E+00 0.0000E+00 0.0000E+00 0.0000E+00 0.0000E+00 0.0000E+00 0.0000E+00 0.0000E+00 0.0000E+00 0.0000E+00 0.0000E+00
38    0.18800  60.0000 250.8000 1.0007E-06 2.8520E-10 1.0500E-12 5.1500E-11 0.0000E+00 4.5031E-06 0.0000E+00 0.0000E+00 0.0000E+00 0.0000E+00 0.0000E+00 0.0000E+00 0.0000E+00 0.0000E+00 0.0000E+00 0.0000E+00 0.0000E+00
39    0.09500  65.0000 240.9000 5.5033E-07 2.5315E-10 6.8600E-13 5.1100E-11 0.0000E+00 4.0024E-06 0.0000E+00 0.0000E+00 0.0000E+00 0.0000E+00 0.0000E+00 0.0000E+00 0.0000E+00 0.0000E+00 0.0000E+00 0.0000E+00 0.0000E+00
40    0.04700  70.0000 230.7000 3.2031E-07 2.3122E-10 5.1400E-13 4.3200E-11 0.0000E+00 3.3032E-06 0.0000E+00 0.0000E+00 0.0000E+00 0.0000E+00 0.0000E+00 0.0000E+00 0.0000E+00 0.0000E+00 0.0000E+00 0.0000E+00 0.0000E+00
41    0.02220  75.0000 220.4000 2.5019E-07 2.1516E-10 4.1600E-13 2.8300E-11 0.0000E+00 2.7020E-06 0.0000E+00 0.0000E+00 0.0000E+00 0.0000E+00 0.0000E+00 0.0000E+00 0.0000E+00 0.0000E+00 0.0000E+00 0.0000E+00 0.0000E+00
42    0.01030  80.0000 210.1000 2.3014E-07 2.0213E-10 3.5300E-13 1.3300E-11 0.0000E+00 2.0013E-06 0.0000E+00 0.0000E+00 0.0000E+00 0.0000E+00 0.0000E+00 0.0000E+00 0.0000E+00 0.0000E+00 0.0000E+00 0.0000E+00 0.0000E+00
43    0.00456  85.0000 199.8000 5.5032E-07 1.9211E-10 3.0900E-13 5.5600E-12 0.0000E+00 1.3308E-06 0.0000E+00 0.0000E+00 0.0000E+00 0.0000E+00 0.0000E+00 0.0000E+00 0.0000E+00 0.0000E+00 0.0000E+00 0.0000E+00 0.0000E+00
44    0.00198  90.0000 199.5000 8.0062E-07 1.8314E-10 2.7600E-13 2.2400E-12 0.0000E+00 8.5066E-07 0.0000E+00 0.0000E+00 0.0000E+00 0.0000E+00 0.0000E+00 0.0000E+00 0.0000E+00 0.0000E+00 0.0000E+00 0.0000E+00 0.0000E+00
45    0.00088  95.0000 208.3000 8.0067E-07 1.7615E-10 2.5000E-13 8.9600E-13 0.0000E+00 5.4045E-07 0.0000E+00 0.0000E+00 0.0000E+00 0.0000E+00 0.0000E+00 0.0000E+00 0.0000E+00 0.0000E+00 0.0000E+00 0.0000E+00 0.0000E+00
46    0.00041 100.0000 218.6000 4.0034E-07 1.7015E-10 2.3000E-13 3.5800E-13 0.0000E+00 4.0034E-07 0.0000E+00 0.0000E+00 0.0000E+00 0.0000E+00 0.0000E+00 0.0000E+00 0.0000E+00 0.0000E+00 0.0000E+00 0.0000E+00 0.0000E+00
47    0.00020 105.0000 237.1000 2.0015E-07 1.6412E-10 2.1300E-13 1.4300E-13 0.0000E+00 3.4025E-07 0.0000E+00 0.0000E+00 0.0000E+00 0.0000E+00 0.0000E+00 0.0000E+00 0.0000E+00 0.0000E+00 0.0000E+00 0.0000E+00 0.0000E+00
48    0.00011 110.0000 259.5000 5.0031E-08 1.5910E-10 1.9800E-13 5.7300E-14 0.0000E+00 2.8017E-07 0.0000E+00 0.0000E+00 0.0000E+00 0.0000E+00 0.0000E+00 0.0000E+00 0.0000E+00 0.0000E+00 0.0000E+00 0.0000E+00 0.0000E+00
49    0.00006 115.0000 293.0000 5.0026E-09 1.5508E-10 1.8600E-13 2.2900E-14 0.0000E+00 2.4012E-07 0.0000E+00 0.0000E+00 0.0000E+00 0.0000E+00 0.0000E+00 0.0000E+00 0.0000E+00 0.0000E+00 0.0000E+00 0.0000E+00 0.0000E+00
50    0.00004 120.0000 333.0000 5.0037E-10 1.5111E-10 1.7500E-13 9.1700E-14 0.0000E+00 2.0015E-07 0.0000E+00 0.0000E+00 0.0000E+00 0.0000E+00 0.0000E+00 0.0000E+00 0.0000E+00 0.0000E+00 0.0000E+00 0.0000E+00 0.0000E+00
