# AFGL atmospheric constituent profile. U.S. standard atmosphere 1976. ( AFGL-TR-86-0110)       
Data_size = 50 x 21
ProfileIsLevel = 0
YYYY_MM_DD_HH = 9999 99 99 99
Lon_lat =  -999.99  -99.99
SZA_VZA_AZA =    99.9999   99.9999  9999.9999
SurfaceTemperature(K) =   288.2000
SurfacePressure(hPa) =  1013.0000
IsOcean =  1
WindSpeed(m.s-1) =     9.9999
CloudFraction =     9.9999
CloudTopPressure =   999.9999
****** End_Of_Header ******
Lev  Pressure Altitude   TATM       O3         NO2       HCHO        SO2       GLYX        H2O        BRO       OCLO        OSU        OBC        OOC        OSF        OSC        ODU        OWC        OIC        RH    
       hPa      km        K        VMR         VMR        VMR        VMR        VMR        VMR        VMR        VMR                                                                                                 %     
 1 1013.00000   0.0000 288.2000 2.6623E-08 2.3020E-11 2.4000E-09 3.0000E-10 0.0000E+00 7.7516E-03 0.0000E+00 0.0000E+00 0.0000E+00 0.0000E+00 0.0000E+00 0.0000E+00 0.0000E+00 0.0000E+00 0.0000E+00 0.0000E+00 0.0000E+00
 2  898.79999   1.0000 281.7000 2.9336E-08 2.3021E-11 1.0700E-09 2.7400E-10 0.0000E+00 6.0764E-03 0.0000E+00 0.0000E+00 0.0000E+00 0.0000E+00 0.0000E+00 0.0000E+00 0.0000E+00 0.0000E+00 0.0000E+00 0.0000E+00 0.0000E+00
 3  795.00000   2.0000 275.2000 3.2396E-08 2.3018E-11 4.0400E-09 2.3600E-10 0.0000E+00 4.6347E-03 0.0000E+00 0.0000E+00 0.0000E+00 0.0000E+00 0.0000E+00 0.0000E+00 0.0000E+00 0.0000E+00 0.0000E+00 0.0000E+00 0.0000E+00
 4  701.20001   3.0000 268.7000 3.3196E-08 2.3011E-11 2.2700E-10 1.9000E-10 0.0000E+00 3.1835E-03 0.0000E+00 0.0000E+00 0.0000E+00 0.0000E+00 0.0000E+00 0.0000E+00 0.0000E+00 0.0000E+00 0.0000E+00 0.0000E+00 0.0000E+00
 5  616.59998   4.0000 262.2000 3.3885E-08 2.3010E-11 1.4000E-10 1.4600E-10 0.0000E+00 2.1589E-03 0.0000E+00 0.0000E+00 0.0000E+00 0.0000E+00 0.0000E+00 0.0000E+00 0.0000E+00 0.0000E+00 0.0000E+00 0.0000E+00 0.0000E+00
 6  540.50000   5.0000 255.7000 3.7704E-08 2.3015E-11 1.0000E-10 1.1800E-10 0.0000E+00 1.3979E-03 0.0000E+00 0.0000E+00 0.0000E+00 0.0000E+00 0.0000E+00 0.0000E+00 0.0000E+00 0.0000E+00 0.0000E+00 0.0000E+00 0.0000E+00
 7  472.20001   6.0000 249.2000 4.1137E-08 2.3010E-11 7.4400E-11 9.7100E-11 0.0000E+00 9.2578E-04 0.0000E+00 0.0000E+00 0.0000E+00 0.0000E+00 0.0000E+00 0.0000E+00 0.0000E+00 0.0000E+00 0.0000E+00 0.0000E+00 0.0000E+00
 8  411.10001   7.0000 242.7000 5.0137E-08 2.3022E-11 6.0400E-11 8.3000E-11 0.0000E+00 5.7254E-04 0.0000E+00 0.0000E+00 0.0000E+00 0.0000E+00 0.0000E+00 0.0000E+00 0.0000E+00 0.0000E+00 0.0000E+00 0.0000E+00 0.0000E+00
 9  356.50000   8.0000 236.2000 5.9705E-08 2.3017E-11 5.0100E-11 7.2100E-11 0.0000E+00 3.6698E-04 0.0000E+00 0.0000E+00 0.0000E+00 0.0000E+00 0.0000E+00 0.0000E+00 0.0000E+00 0.0000E+00 0.0000E+00 0.0000E+00 0.0000E+00
10  308.00000   9.0000 229.7000 9.1748E-08 2.3217E-11 4.2200E-11 6.5600E-11 0.0000E+00 1.5842E-04 0.0000E+00 0.0000E+00 0.0000E+00 0.0000E+00 0.0000E+00 0.0000E+00 0.0000E+00 0.0000E+00 0.0000E+00 0.0000E+00 0.0000E+00
11  265.00000  10.0000 223.3000 1.3140E-07 2.3818E-11 3.6300E-11 6.0600E-11 0.0000E+00 7.0013E-05 0.0000E+00 0.0000E+00 0.0000E+00 0.0000E+00 0.0000E+00 0.0000E+00 0.0000E+00 0.0000E+00 0.0000E+00 0.0000E+00 0.0000E+00
12  227.00000  11.0000 216.8000 2.1505E-07 2.6218E-11 3.4300E-11 5.7900E-11 0.0000E+00 3.6155E-05 0.0000E+00 0.0000E+00 0.0000E+00 0.0000E+00 0.0000E+00 0.0000E+00 0.0000E+00 0.0000E+00 0.0000E+00 0.0000E+00 0.0000E+00
13  194.00000  12.0000 216.7000 3.0973E-07 3.1523E-11 3.3900E-11 5.6000E-11 0.0000E+00 1.9074E-05 0.0000E+00 0.0000E+00 0.0000E+00 0.0000E+00 0.0000E+00 0.0000E+00 0.0000E+00 0.0000E+00 0.0000E+00 0.0000E+00 0.0000E+00
14  165.80000  13.0000 216.7000 3.8490E-07 4.4535E-11 3.5000E-11 5.5900E-11 0.0000E+00 1.0859E-05 0.0000E+00 0.0000E+00 0.0000E+00 0.0000E+00 0.0000E+00 0.0000E+00 0.0000E+00 0.0000E+00 0.0000E+00 0.0000E+00 0.0000E+00
15  141.70000  14.0000 216.7000 5.0331E-07 7.4845E-11 3.6200E-11 5.6400E-11 0.0000E+00 5.9306E-06 0.0000E+00 0.0000E+00 0.0000E+00 0.0000E+00 0.0000E+00 0.0000E+00 0.0000E+00 0.0000E+00 0.0000E+00 0.0000E+00 0.0000E+00
16  121.10000  15.0000 216.7000 6.5089E-07 1.7110E-10 3.6200E-11 5.7500E-11 0.0000E+00 5.0030E-06 0.0000E+00 0.0000E+00 0.0000E+00 0.0000E+00 0.0000E+00 0.0000E+00 0.0000E+00 0.0000E+00 0.0000E+00 0.0000E+00 0.0000E+00
17  103.50000  16.0000 216.7000 8.7077E-07 3.1925E-10 3.5800E-11 5.7500E-11 0.0000E+00 3.9530E-06 0.0000E+00 0.0000E+00 0.0000E+00 0.0000E+00 0.0000E+00 0.0000E+00 0.0000E+00 0.0000E+00 0.0000E+00 0.0000E+00 0.0000E+00
18   88.50000  17.0000 216.7000 1.1878E-06 5.1935E-10 3.5000E-11 5.3700E-11 0.0000E+00 3.8526E-06 0.0000E+00 0.0000E+00 0.0000E+00 0.0000E+00 0.0000E+00 0.0000E+00 0.0000E+00 0.0000E+00 0.0000E+00 0.0000E+00 0.0000E+00
19   75.65000  18.0000 216.7000 1.5879E-06 7.7146E-10 3.4200E-11 4.7800E-11 0.0000E+00 3.8273E-06 0.0000E+00 0.0000E+00 0.0000E+00 0.0000E+00 0.0000E+00 0.0000E+00 0.0000E+00 0.0000E+00 0.0000E+00 0.0000E+00 0.0000E+00
20   64.67000  19.0000 216.7000 2.0314E-06 1.0607E-09 3.3900E-11 3.9700E-11 0.0000E+00 3.8527E-06 0.0000E+00 0.0000E+00 0.0000E+00 0.0000E+00 0.0000E+00 0.0000E+00 0.0000E+00 0.0000E+00 0.0000E+00 0.0000E+00 0.0000E+00
21   55.29000  20.0000 216.7000 2.5804E-06 1.3908E-09 3.4300E-11 3.1900E-11 0.0000E+00 3.9021E-06 0.0000E+00 0.0000E+00 0.0000E+00 0.0000E+00 0.0000E+00 0.0000E+00 0.0000E+00 0.0000E+00 0.0000E+00 0.0000E+00 0.0000E+00
22   47.29000  21.0000 217.6000 3.0298E-06 1.7610E-09 3.6800E-11 2.6700E-11 0.0000E+00 3.9774E-06 0.0000E+00 0.0000E+00 0.0000E+00 0.0000E+00 0.0000E+00 0.0000E+00 0.0000E+00 0.0000E+00 0.0000E+00 0.0000E+00 0.0000E+00
23   40.47000  22.0000 218.6000 3.6500E-06 2.1618E-09 4.0300E-11 2.2800E-11 0.0000E+00 4.0683E-06 0.0000E+00 0.0000E+00 0.0000E+00 0.0000E+00 0.0000E+00 0.0000E+00 0.0000E+00 0.0000E+00 0.0000E+00 0.0000E+00 0.0000E+00
24   34.67000  23.0000 219.6000 4.1699E-06 2.5811E-09 4.5000E-11 2.0700E-11 0.0000E+00 4.2019E-06 0.0000E+00 0.0000E+00 0.0000E+00 0.0000E+00 0.0000E+00 0.0000E+00 0.0000E+00 0.0000E+00 0.0000E+00 0.0000E+00 0.0000E+00
25   29.72000  24.0000 220.6000 4.6304E-06 3.0622E-09 5.0600E-11 1.9000E-11 0.0000E+00 4.3031E-06 0.0000E+00 0.0000E+00 0.0000E+00 0.0000E+00 0.0000E+00 0.0000E+00 0.0000E+00 0.0000E+00 0.0000E+00 0.0000E+00 0.0000E+00
26   25.49000  25.0000 221.6000 5.1215E-06 3.7426E-09 5.8200E-11 1.7500E-11 0.0000E+00 4.4280E-06 0.0000E+00 0.0000E+00 0.0000E+00 0.0000E+00 0.0000E+00 0.0000E+00 0.0000E+00 0.0000E+00 0.0000E+00 0.0000E+00 0.0000E+00
27   17.43000  27.5000 224.0000 5.8072E-06 4.8135E-09 7.2100E-11 1.5400E-11 0.0000E+00 4.5783E-06 0.0000E+00 0.0000E+00 0.0000E+00 0.0000E+00 0.0000E+00 0.0000E+00 0.0000E+00 0.0000E+00 0.0000E+00 0.0000E+00 0.0000E+00
28   11.97000  30.0000 226.5000 6.5569E-06 6.1637E-09 8.7300E-11 1.3400E-11 0.0000E+00 4.7278E-06 0.0000E+00 0.0000E+00 0.0000E+00 0.0000E+00 0.0000E+00 0.0000E+00 0.0000E+00 0.0000E+00 0.0000E+00 0.0000E+00 0.0000E+00
29    8.01000  32.5000 230.0000 7.3776E-06 7.2145E-09 1.0100E-11 1.2100E-11 0.0000E+00 4.8280E-06 0.0000E+00 0.0000E+00 0.0000E+00 0.0000E+00 0.0000E+00 0.0000E+00 0.0000E+00 0.0000E+00 0.0000E+00 0.0000E+00 0.0000E+00
30    5.74600  35.0000 236.5000 7.8427E-06 7.2852E-09 1.1100E-10 1.1600E-11 0.0000E+00 4.9035E-06 0.0000E+00 0.0000E+00 0.0000E+00 0.0000E+00 0.0000E+00 0.0000E+00 0.0000E+00 0.0000E+00 0.0000E+00 0.0000E+00 0.0000E+00
31    4.15000  37.5000 242.9000 7.8034E-06 6.2627E-09 1.1300E-10 1.2100E-11 0.0000E+00 4.9521E-06 0.0000E+00 0.0000E+00 0.0000E+00 0.0000E+00 0.0000E+00 0.0000E+00 0.0000E+00 0.0000E+00 0.0000E+00 0.0000E+00 0.0000E+00
32    2.87100  40.0000 250.4000 7.3049E-06 4.0327E-09 1.0300E-10 1.3600E-11 0.0000E+00 5.0284E-06 0.0000E+00 0.0000E+00 0.0000E+00 0.0000E+00 0.0000E+00 0.0000E+00 0.0000E+00 0.0000E+00 0.0000E+00 0.0000E+00 0.0000E+00
33    2.06000  42.5000 257.3000 6.2045E-06 2.1716E-09 7.9500E-11 1.6500E-11 0.0000E+00 5.1537E-06 0.0000E+00 0.0000E+00 0.0000E+00 0.0000E+00 0.0000E+00 0.0000E+00 0.0000E+00 0.0000E+00 0.0000E+00 0.0000E+00 0.0000E+00
34    1.49100  45.0000 264.2000 5.2532E-06 1.1507E-09 4.8200E-11 2.1000E-11 0.0000E+00 5.2282E-06 0.0000E+00 0.0000E+00 0.0000E+00 0.0000E+00 0.0000E+00 0.0000E+00 0.0000E+00 0.0000E+00 0.0000E+00 0.0000E+00 0.0000E+00
35    1.09000  47.5000 270.6000 4.1035E-06 6.6657E-10 1.6300E-11 2.7700E-11 0.0000E+00 5.2545E-06 0.0000E+00 0.0000E+00 0.0000E+00 0.0000E+00 0.0000E+00 0.0000E+00 0.0000E+00 0.0000E+00 0.0000E+00 0.0000E+00 0.0000E+00
36    0.79780  50.0000 270.7000 3.1020E-06 4.4329E-10 5.1000E-12 3.5600E-11 0.0000E+00 5.2284E-06 0.0000E+00 0.0000E+00 0.0000E+00 0.0000E+00 0.0000E+00 0.0000E+00 0.0000E+00 0.0000E+00 0.0000E+00 0.0000E+00 0.0000E+00
37    0.42500  55.0000 260.8000 1.8011E-06 3.3920E-10 2.0000E-12 4.5900E-11 0.0000E+00 5.1030E-06 0.0000E+00 0.0000E+00 0.0000E+00 0.0000E+00 0.0000E+00 0.0000E+00 0.0000E+00 0.0000E+00 0.0000E+00 0.0000E+00 0.0000E+00
38    0.21900  60.0000 247.0000 1.1007E-06 2.8518E-10 1.0500E-12 5.1500E-11 0.0000E+00 4.7531E-06 0.0000E+00 0.0000E+00 0.0000E+00 0.0000E+00 0.0000E+00 0.0000E+00 0.0000E+00 0.0000E+00 0.0000E+00 0.0000E+00 0.0000E+00
39    0.10900  65.0000 233.3000 7.0042E-07 2.5315E-10 6.8600E-13 5.1100E-11 0.0000E+00 4.2025E-06 0.0000E+00 0.0000E+00 0.0000E+00 0.0000E+00 0.0000E+00 0.0000E+00 0.0000E+00 0.0000E+00 0.0000E+00 0.0000E+00 0.0000E+00
40    0.05220  70.0000 219.6000 3.0023E-07 2.3118E-10 5.1400E-13 4.3200E-11 0.0000E+00 3.5027E-06 0.0000E+00 0.0000E+00 0.0000E+00 0.0000E+00 0.0000E+00 0.0000E+00 0.0000E+00 0.0000E+00 0.0000E+00 0.0000E+00 0.0000E+00
41    0.02400  75.0000 208.4000 2.5018E-07 2.1515E-10 4.1600E-13 2.8300E-11 0.0000E+00 2.8270E-06 0.0000E+00 0.0000E+00 0.0000E+00 0.0000E+00 0.0000E+00 0.0000E+00 0.0000E+00 0.0000E+00 0.0000E+00 0.0000E+00 0.0000E+00
42    0.01050  80.0000 198.6000 3.0021E-07 2.0214E-10 3.5300E-13 1.3300E-11 0.0000E+00 2.0514E-06 0.0000E+00 0.0000E+00 0.0000E+00 0.0000E+00 0.0000E+00 0.0000E+00 0.0000E+00 0.0000E+00 0.0000E+00 0.0000E+00 0.0000E+00
43    0.00446  85.0000 188.9000 5.0027E-07 1.9210E-10 3.0900E-13 5.5600E-12 0.0000E+00 1.3307E-06 0.0000E+00 0.0000E+00 0.0000E+00 0.0000E+00 0.0000E+00 0.0000E+00 0.0000E+00 0.0000E+00 0.0000E+00 0.0000E+00 0.0000E+00
44    0.00184  90.0000 186.9000 7.0054E-07 1.8314E-10 2.7600E-13 2.2400E-12 0.0000E+00 8.5065E-07 0.0000E+00 0.0000E+00 0.0000E+00 0.0000E+00 0.0000E+00 0.0000E+00 0.0000E+00 0.0000E+00 0.0000E+00 0.0000E+00 0.0000E+00
45    0.00076  95.0000 188.4000 7.0054E-07 1.7613E-10 2.5000E-13 8.9600E-13 0.0000E+00 5.4041E-07 0.0000E+00 0.0000E+00 0.0000E+00 0.0000E+00 0.0000E+00 0.0000E+00 0.0000E+00 0.0000E+00 0.0000E+00 0.0000E+00 0.0000E+00
46    0.00032 100.0000 195.1000 4.0035E-07 1.7015E-10 2.3000E-13 3.5800E-13 0.0000E+00 4.0035E-07 0.0000E+00 0.0000E+00 0.0000E+00 0.0000E+00 0.0000E+00 0.0000E+00 0.0000E+00 0.0000E+00 0.0000E+00 0.0000E+00 0.0000E+00
47    0.00014 105.0000 208.8000 2.0013E-07 1.6410E-10 2.1300E-13 1.4300E-13 0.0000E+00 3.4022E-07 0.0000E+00 0.0000E+00 0.0000E+00 0.0000E+00 0.0000E+00 0.0000E+00 0.0000E+00 0.0000E+00 0.0000E+00 0.0000E+00 0.0000E+00
48    0.00007 110.0000 240.0000 5.0031E-08 1.5910E-10 1.9800E-13 5.7300E-14 0.0000E+00 2.8017E-07 0.0000E+00 0.0000E+00 0.0000E+00 0.0000E+00 0.0000E+00 0.0000E+00 0.0000E+00 0.0000E+00 0.0000E+00 0.0000E+00 0.0000E+00
49    0.00004 115.0000 300.0000 5.0034E-09 1.5511E-10 1.8600E-13 2.2900E-14 0.0000E+00 2.4017E-07 0.0000E+00 0.0000E+00 0.0000E+00 0.0000E+00 0.0000E+00 0.0000E+00 0.0000E+00 0.0000E+00 0.0000E+00 0.0000E+00 0.0000E+00
50    0.00003 120.0000 360.0000 5.0037E-10 1.5111E-10 1.7500E-13 9.1700E-14 0.0000E+00 2.0015E-07 0.0000E+00 0.0000E+00 0.0000E+00 0.0000E+00 0.0000E+00 0.0000E+00 0.0000E+00 0.0000E+00 0.0000E+00 0.0000E+00 0.0000E+00
