  408.000000    4.600000E-18
  408.505880    4.746900E-18
  408.541410    4.810800E-18
  408.576930    4.316000E-18
  408.612460    5.373100E-18
  408.647990    4.774300E-18
  408.683520    4.930900E-18
  408.719050    5.060300E-18
  408.754580    4.677200E-18
  408.790110    5.214500E-18
  408.825640    4.813500E-18
  408.861170    4.993100E-18
  408.896710    5.209600E-18
  408.932240    5.338000E-18
  408.967770    4.888900E-18
  409.003310    5.243400E-18
  409.038840    5.244700E-18
  409.074370    5.449200E-18
  409.109900    5.574700E-18
  409.145430    5.469200E-18
  409.180970    5.562700E-18
  409.216510    5.353100E-18
  409.252040    5.592700E-18
  409.287580    5.425900E-18
  409.323120    5.740900E-18
  409.358650    5.456200E-18
  409.394190    5.240100E-18
  409.429730    5.238600E-18
  409.465270    6.039200E-18
  409.500810    5.950500E-18
  409.536350    5.460000E-18
  409.571890    5.682300E-18
  409.607420    5.915600E-18
  409.642960    5.503700E-18
  409.678500    5.730200E-18
  409.714050    6.603300E-18
  409.749590    6.136900E-18
  409.785130    6.999600E-18
  409.820670    6.531200E-18
  409.856220    6.825200E-18
  409.891760    6.087400E-18
  409.927310    6.565500E-18
  409.962850    6.452200E-18
  409.998400    6.861000E-18
  410.033940    7.082500E-18
  410.069490    7.337300E-18
  410.105020    7.206800E-18
  410.140570    7.265900E-18
  410.176120    7.347900E-18
  410.211670    7.464200E-18
  410.247210    7.329500E-18
  410.282760    7.622100E-18
  410.318310    7.754900E-18
  410.353860    7.767900E-18
  410.389410    7.892000E-18
  410.424960    8.203200E-18
  410.460510    8.053200E-18
  410.496060    8.558500E-18
  410.531610    7.761400E-18
  410.567170    9.038500E-18
  410.602720    9.021600E-18
  410.638260    8.942200E-18
  410.673810    8.830800E-18
  410.709370    9.720600E-18
  410.744920    9.527500E-18
  410.780480    8.500400E-18
  410.816030    9.663600E-18
  410.851590    1.002980E-17
  410.887140    1.000580E-17
  410.922700    1.054240E-17
  410.958260    9.330500E-18
  410.993810    9.786500E-18
  411.029370    9.668900E-18
  411.064930    9.460700E-18
  411.100490    1.025770E-17
  411.136030    1.009820E-17
  411.171590    9.609800E-18
  411.207150    1.005510E-17
  411.242710    9.566500E-18
  411.278270    1.053240E-17
  411.313830    1.082130E-17
  411.349390    1.067620E-17
  411.384960    1.034650E-17
  411.420520    9.943600E-18
  411.456080    1.005500E-17
  411.491640    9.979800E-18
  411.527210    1.012510E-17
  411.562770    1.057640E-17
  411.598330    1.085190E-17
  411.633900    1.103130E-17
  411.669450    1.104910E-17
  411.705020    1.007510E-17
  411.740580    1.039710E-17
  411.776150    9.805000E-18
  411.811720    9.812600E-18
  411.847280    1.018340E-17
  411.882850    1.022100E-17
  411.918420    1.068510E-17
  411.953990    1.066990E-17
  411.989550    9.816300E-18
  412.025120    1.096550E-17
  412.060690    9.988900E-18
  412.096260    9.875900E-18
  412.131830    1.012390E-17
  412.167390    1.006190E-17
  412.202960    9.778200E-18
  412.238540    1.008800E-17
  412.274110    9.902900E-18
  412.309680    1.021780E-17
  412.345250    9.313100E-18
  412.380830    8.531900E-18
  412.416400    9.511400E-18
  412.451970    9.627200E-18
  412.487550    9.546900E-18
  412.523120    8.181300E-18
  412.558700    8.792800E-18
  412.594270    8.889300E-18
  412.629850    8.229600E-18
  412.665430    8.547600E-18
  412.700990    9.071000E-18
  412.736570    7.766400E-18
  412.772150    8.645500E-18
  412.807730    7.992900E-18
  412.843310    7.962500E-18
  412.878880    7.754500E-18
  412.914460    7.741100E-18
  412.950040    8.100500E-18
  412.985620    7.746600E-18
  413.021200    7.800700E-18
  413.056790    6.720700E-18
  413.092370    8.004100E-18
  413.127950    7.015300E-18
  413.163530    7.262600E-18
  413.199110    7.286600E-18
  413.234690    7.118900E-18
  413.270270    6.843200E-18
  413.305850    6.949900E-18
  413.341440    6.804100E-18
  413.377020    7.887800E-18
  413.412610    6.678700E-18
  413.448190    6.411900E-18
  413.483780    6.004500E-18
  413.519370    6.235700E-18
  413.554950    6.073200E-18
  413.590540    5.997000E-18
  413.626130    6.288800E-18
  413.661720    5.367800E-18
  413.697310    6.307200E-18
  413.732890    6.298900E-18
  413.768470    5.537000E-18
  413.804060    5.443000E-18
  413.839650    5.820400E-18
  413.875240    6.256000E-18
  413.910840    4.801800E-18
  413.946430    5.425900E-18
  413.982020    5.690000E-18
  414.017610    4.797100E-18
  414.053200    5.038800E-18
  414.088800    5.840100E-18
  414.124390    4.762700E-18
  414.159990    4.414600E-18
  414.195580    4.313700E-18
  414.231170    5.058500E-18
  414.266760    4.575400E-18
  414.302360    4.740900E-18
  414.337950    4.416200E-18
  414.373550    4.933400E-18
  414.409140    4.540100E-18
  414.444740    4.695300E-18
  414.480340    4.058300E-18
  414.515940    5.003300E-18
  414.551540    3.752400E-18
  414.587140    4.208700E-18
  414.622730    4.088100E-18
  414.658330    3.458400E-18
  414.693930    4.281700E-18
  414.729540    4.795700E-18
  414.765140    3.871500E-18
  414.800730    3.528500E-18
  414.836330    4.288100E-18
  414.871930    3.494500E-18
  414.907530    4.298000E-18
  414.943140    3.676200E-18
  414.978740    3.421700E-18
  415.014350    3.781600E-18
  415.049950    3.008800E-18
  415.085550    3.556700E-18
  415.121160    3.479100E-18
  415.156770    3.898400E-18
  415.192370    3.215900E-18
  415.227980    3.664500E-18
  415.263580    3.578300E-18
  415.299190    3.577900E-18
  415.334790    3.162200E-18
  415.370400    4.023500E-18
  415.406010    3.042700E-18
  415.441620    3.204500E-18
  415.477220    3.301900E-18
  415.512830    3.217100E-18
  415.548440    3.547000E-18
  415.584060    3.767900E-18
  415.619670    3.924000E-18
  415.655280    2.779700E-18
  415.690890    2.479600E-18
  415.726500    3.719100E-18
  415.762110    3.455600E-18
  415.797730    2.945300E-18
  415.833340    3.425000E-18
  415.868950    3.084400E-18
  415.904560    2.656100E-18
  415.940170    2.807300E-18
  415.975790    2.533700E-18
  416.011410    2.960000E-18
  416.047020    2.758000E-18
  416.082640    3.113200E-18
  416.118250    3.816000E-18
  416.153870    2.679400E-18
  416.189490    3.203600E-18
  416.225110    3.930600E-18
  416.260730    3.306500E-18
  416.296350    2.599200E-18
  416.331960    3.303800E-18
  416.367580    2.783900E-18
  416.403190    3.019200E-18
  416.438820    3.180400E-18
  416.474440    3.410000E-18
  416.510060    3.247300E-18
  416.545680    3.176400E-18
  416.581300    2.709500E-18
  416.616920    2.612500E-18
  416.652550    3.187500E-18
  416.688170    3.578200E-18
  416.723790    3.086000E-18
  416.759420    3.702700E-18
  416.795040    3.099500E-18
  416.830670    3.557300E-18
  416.866290    2.988000E-18
  416.901920    3.097500E-18
  416.937550    3.688200E-18
  416.973160    3.153600E-18
  417.008790    3.362800E-18
  417.044420    3.142800E-18
  417.080050    3.315700E-18
  417.115680    4.063900E-18
  417.151300    3.652000E-18
  417.186930    4.261600E-18
  417.222560    3.140700E-18
  417.258190    3.416000E-18
  417.293820    3.930300E-18
  417.329460    3.339600E-18
  417.365090    3.565100E-18
  417.400720    3.477700E-18
  417.436350    3.137100E-18
  417.471980    3.916800E-18
  417.507610    3.328400E-18
  417.543240    3.970300E-18
  417.578870    4.312800E-18
  417.614510    4.441200E-18
  417.650140    4.119700E-18
  417.685780    3.840800E-18
  417.721410    4.342500E-18
  417.757050    4.128800E-18
  417.792690    4.502200E-18
  417.828320    4.561800E-18
  417.863960    4.537200E-18
  417.899600    4.821300E-18
  417.935240    4.579600E-18
  417.970880    4.497300E-18
  418.006510    5.659500E-18
  418.042140    5.725700E-18
  418.077780    5.325400E-18
  418.113420    4.863600E-18
  418.149060    5.314600E-18
  418.184710    5.136100E-18
  418.220350    5.573100E-18
  418.255990    5.499300E-18
  418.291630    5.992100E-18
  418.327270    6.500800E-18
  418.362920    7.080100E-18
  418.398560    6.878900E-18
  418.434200    7.365100E-18
  418.469850    7.544100E-18
  418.505490    7.377300E-18
  418.541140    8.330300E-18
  418.576770    8.139100E-18
  418.612420    8.522300E-18
  418.648070    8.526400E-18
  418.683710    9.789400E-18
  418.719360    9.817300E-18
  418.755010    1.010460E-17
  418.790660    1.068020E-17
  418.826300    1.151660E-17
  418.861950    1.091330E-17
  418.897600    1.198660E-17
  418.933250    1.158670E-17
  418.968900    1.275920E-17
  419.004550    1.331810E-17
  419.040200    1.352060E-17
  419.075860    1.447980E-17
  419.111510    1.462760E-17
  419.147150    1.469790E-17
  419.182800    1.575580E-17
  419.218460    1.591420E-17
  419.254110    1.609370E-17
  419.289760    1.672550E-17
  419.325420    1.682470E-17
  419.361070    1.706620E-17
  419.396730    1.690730E-17
  419.432380    1.685420E-17
  419.468040    1.708640E-17
  419.503700    1.754650E-17
  419.539350    1.711660E-17
  419.575010    1.773740E-17
  419.610670    1.741510E-17
  419.646330    1.672160E-17
  419.681970    1.754370E-17
  419.717630    1.696880E-17
  419.753290    1.665410E-17
  419.788950    1.612110E-17
  419.824610    1.674410E-17
  419.860270    1.586360E-17
  419.895930    1.587190E-17
  419.931590    1.586610E-17
  419.967260    1.576110E-17
  420.002920    1.495680E-17
  420.038580    1.466910E-17
  420.074240    1.457060E-17
  420.109910    1.435120E-17
  420.145570    1.360700E-17
  420.181240    1.355180E-17
  420.216900    1.372830E-17
  420.252560    1.290720E-17
  420.288220    1.238070E-17
  420.323890    1.261040E-17
  420.359550    1.216730E-17
  420.395220    1.075290E-17
  420.430890    1.135830E-17
  420.466560    1.092360E-17
  420.502220    1.126890E-17
  420.537890    1.017030E-17
  420.573560    1.017700E-17
  420.609230    1.009460E-17
  420.644900    9.589700E-18
  420.680570    9.506100E-18
  420.716240    9.688400E-18
  420.751910    8.667400E-18
  420.787570    8.580200E-18
  420.823250    8.197500E-18
  420.858920    7.519200E-18
  420.894590    7.775900E-18
  420.930260    8.313600E-18
  420.965940    7.642200E-18
  421.001610    7.476200E-18
  421.037290    7.486600E-18
  421.072960    6.775200E-18
  421.108630    6.816100E-18
  421.144310    6.950300E-18
  421.179990    6.033200E-18
  421.215660    6.100700E-18
  421.251340    5.637400E-18
  421.287020    5.631400E-18
  421.322690    5.362500E-18
  421.358360    4.590500E-18
  421.394040    4.732300E-18
  421.429720    5.300300E-18
  421.465400    4.500300E-18
  421.501080    4.484600E-18
  421.536760    5.157300E-18
  421.572440    4.921900E-18
  421.608120    4.170500E-18
  421.643800    4.630400E-18
  421.679480    4.380300E-18
  421.715170    4.342200E-18
  421.750850    4.247900E-18
  421.786530    3.599800E-18
  421.822220    3.634300E-18
  421.857900    3.301500E-18
  421.893580    3.533100E-18
  421.929260    3.528900E-18
  421.964940    3.656500E-18
  422.000630    3.506500E-18
  422.036310    3.225400E-18
  422.072000    3.147400E-18
  422.107690    2.618000E-18
  422.143380    3.432400E-18
  422.179060    3.537000E-18
  422.214750    2.781100E-18
  422.250440    2.852500E-18
  422.286130    2.385700E-18
  422.321820    2.769200E-18
  422.357510    2.475600E-18
  422.393200    1.938000E-18
  422.428890    1.893200E-18
  422.464580    1.820500E-18
  422.500260    1.865600E-18
  422.535950    2.032500E-18
  422.571640    2.104700E-18
  422.607340    1.783500E-18
  422.643030    1.784300E-18
  422.678720    1.101900E-18
  422.714420    1.265900E-18
  422.750110    1.737800E-18
  422.785810    2.186100E-18
  422.821500    1.904600E-18
  422.857200    1.791100E-18
  422.892890    1.487300E-18
  422.928590    1.357200E-18
  422.964290    1.260000E-18
  422.999980    1.215300E-18
  423.035680    1.714100E-18
  423.071370    1.266000E-18
  423.107070    1.531900E-18
  423.142770    1.383900E-18
  423.178470    1.010000E-18
  423.214170    1.189900E-18
  423.249870    1.307100E-18
  423.285570    1.562100E-18
  423.321270    1.397100E-18
  423.356970    9.233000E-19
  423.392670    1.554700E-18
  423.428370    1.415400E-18
  423.464080    1.247200E-18
  423.499780    1.146000E-18
  423.535480    6.816000E-19
  423.571190    1.620500E-18
  423.606890    1.245600E-18
  423.642580    1.246000E-18
  423.678290    1.140400E-18
  423.714000    8.707000E-19
  423.749700    1.246300E-18
  423.785410    1.034900E-18
  423.821110    1.554400E-18
  423.856820    6.550000E-19
  423.892530    1.377000E-18
  423.928240    5.603000E-19
  423.963950    7.204000E-19
  423.999650    1.661000E-19
  424.035360    5.334000E-19
  424.071070    3.539000E-19
  424.106780    3.809000E-19
  424.142490    8.426000E-19
  424.178210    1.185700E-18
  424.213910    3.863000E-19
  424.249620    4.384000E-19
  424.285330    4.931000E-19
  424.321040    7.192000E-19
  424.356760    9.330000E-19
  424.392470    2.566000E-19
  424.428180    5.683000E-19
  424.463900    9.470000E-20
  424.499610    3.953000E-19
  424.535330   -2.830790E-21
  424.571040    6.439000E-19
  424.606760    6.922000E-19
  424.642480    1.876000E-19
  424.678190    9.126000E-19
  424.713910    1.204000E-19
  424.749630    9.354000E-19
  424.785340    2.487000E-19
  424.821050    8.248000E-19
  424.856770    7.559000E-19
  424.892490    1.021300E-18
  424.928210    1.213900E-18
  424.963930    6.697000E-19
  424.999650   -1.054000E-19
  425.035370    4.043000E-19
  425.071090    7.082000E-19
  425.106820   -1.644000E-19
  425.142540    3.604000E-19
  425.178260    1.900000E-19
  425.213980    1.786000E-19
  425.249710    4.673000E-19
  425.285430    5.495000E-19
  425.321160    5.778000E-19
  425.356870   -1.100000E-20
  425.392600    2.556000E-19
  425.428320    5.156000E-19
  425.464050    6.337000E-19
  425.499770    3.740000E-20
  425.535500    6.987000E-19
  425.571230    7.519000E-19
  425.606950    1.048600E-18
  425.642680    4.462000E-19
  425.678410    7.558000E-19
  425.714140    2.547000E-19
  425.749870    9.318000E-19
  425.785600   -8.287000E-19
  425.821330    7.362000E-19
  425.857060    5.696000E-19
  425.892790    6.699000E-19
  425.928510    4.928000E-19
  425.964240    1.070100E-18
  425.999980    4.679000E-19
  426.035710    1.297600E-18
  426.071440    1.129100E-18
  426.107180    1.464900E-18
  426.142910    9.326000E-19
  426.178640    7.954000E-19
  426.214380    1.492700E-18
  426.250110    6.384000E-19
  426.285850    6.823000E-19
  426.321580    8.347000E-19
  426.357320    9.748000E-19
  426.393060    1.638800E-18
  426.428790    1.640500E-18
  426.464530    1.565000E-18
  426.500270    1.356700E-18
  426.536000    1.059300E-18
  426.571740    1.754200E-18
  426.607480    1.457000E-18
  426.643220    1.609300E-18
  426.678960    1.515600E-18
  426.714700    3.004700E-18
  426.750440    3.295400E-18
  426.786180    3.387600E-18
  426.821920    3.704400E-18
  426.857660    5.474000E-18
  426.893410    6.561600E-18
  426.929150    9.454100E-18
  426.964890    1.359970E-17
  427.000640    2.043650E-17
  427.036380    2.614480E-17
  427.072130    3.226260E-17
  427.107860    3.319260E-17
  427.143610    3.500000E-17
  427.179350    3.375380E-17
  427.215100    3.374600E-17
  427.250840    3.305300E-17
  427.286590    3.153990E-17
  427.322340    3.194420E-17
  427.358090    3.071020E-17
  427.393840    2.978490E-17
  427.429580    2.917440E-17
  427.465330    2.890970E-17
  427.501080    2.599670E-17
  427.536830    2.558610E-17
  427.572580    2.510190E-17
  427.608340    2.521210E-17
  427.644090    2.366010E-17
  427.679830    2.246160E-17
  427.715580    2.110450E-17
  427.751330    2.071200E-17
  427.787090    1.940350E-17
  427.822840    1.945660E-17
  427.858590    1.837950E-17
  427.894350    1.831090E-17
  427.930100    1.771470E-17
  427.965860    1.665740E-17
  428.001610    1.606150E-17
  428.037370    1.504020E-17
  428.073130    1.473330E-17
  428.108880    1.362430E-17
  428.144640    1.320760E-17
  428.180400    1.286370E-17
  428.216150    1.344250E-17
  428.251910    1.127030E-17
  428.287660    1.181050E-17
  428.323420    1.255170E-17
  428.359180    1.131050E-17
  428.394940    1.051820E-17
  428.430700    9.954700E-18
  428.466460    1.018170E-17
  428.502220    9.313600E-18
  428.537990    9.438200E-18
  428.573750    8.737000E-18
  428.609510    8.419500E-18
  428.645270    7.158700E-18
  428.681040    7.141300E-18
  428.716800    7.261400E-18
  428.752560    7.483500E-18
  428.788330    7.254900E-18
  428.824090    6.742500E-18
  428.859860    6.489500E-18
  428.895620    6.369200E-18
  428.931380    5.370800E-18
  428.967150    6.050200E-18
  429.002920    5.690000E-18
  429.038680    4.759700E-18
  429.074450    5.254700E-18
  429.110220    4.739100E-18
  429.145990    4.932800E-18
  429.181760    4.800700E-18
  429.217530    4.330200E-18
  429.253300    4.158700E-18
  429.289070    3.727600E-18
  429.324840    4.432000E-18
  429.360610    4.231700E-18
  429.396380    3.950800E-18
  429.432150    3.530100E-18
  429.467920    3.645100E-18
  429.503690    2.634700E-18
  429.539460    2.116000E-18
  429.575240    3.179200E-18
  429.611010    2.396100E-18
  429.646790    1.201100E-18
  429.682560    2.710000E-18
  429.718340    2.806700E-18
  429.754110    2.317600E-18
  429.789890    3.145700E-18
  429.825670    2.262600E-18
  429.861440    2.411400E-18
  429.897220    2.836100E-18
  429.933000    1.734100E-18
  429.968780    2.465700E-18
  430.004560    1.411800E-18
  430.040330    1.906400E-18
  430.076100    1.114600E-18
  430.111880    1.023400E-18
  430.147660    1.799400E-18
  430.183450    1.263900E-18
  430.219230    2.232700E-18
  430.255010    1.645600E-18
  430.290790    1.294400E-18
  430.326570    5.017000E-19
  430.362360    9.619000E-19
  430.398140    1.095000E-18
  430.433920    1.641800E-18
  430.469710    1.102800E-18
  430.505490    1.686000E-18
  430.541280    7.898000E-19
  430.577060    1.085200E-18
  430.612850    1.738800E-18
  430.648630    7.709000E-19
  430.684410    1.116500E-18
  430.720200   -2.656000E-19
  430.755990    6.337000E-19
  430.791770    5.877000E-19
  430.827560    1.235700E-18
  430.863350    8.238000E-19
  430.899140    1.425000E-18
  430.934930    1.125700E-18
  430.970720    9.698000E-19
  431.006510    9.106000E-19
  431.042300    9.435000E-19
  431.078090    3.271000E-19
  431.113880    8.083000E-19
  431.149680    8.622000E-19
  431.185470    1.335400E-18
  431.221260    1.034300E-18
  431.257060    2.950000E-19
  431.292840    4.485000E-19
  431.328630    5.096000E-19
  431.364430    1.261700E-18
  431.400220    5.690000E-19
  431.436020    5.723000E-19
  431.471810    4.799000E-19
  431.507610    2.661000E-19
  431.543410    4.793000E-19
  431.579210    3.055000E-19
  431.615000    2.854000E-19
  431.650800    7.520000E-19
  431.686600    6.648000E-19
  431.722400    1.684300E-18
  431.758200    3.171000E-19
  431.794000    7.059000E-19
  431.829800   -8.010000E-20
  431.865600    6.665000E-19
  431.901390    6.966000E-19
  431.937190    1.000700E-18
  431.972990    5.508000E-19
  432.008790    5.024000E-19
  432.044600    2.453000E-19
  432.080400    9.329000E-19
  432.116200    1.993000E-19
  432.152010    5.977000E-19
  432.187810    2.724000E-19
  432.223610   -4.169000E-19
  432.259420    1.711000E-19
  432.295230    3.698000E-19
  432.331030    7.210000E-20
  432.366840    2.138000E-19
  432.402640    4.985000E-19
  432.438450    3.332000E-19
  432.474260    2.389000E-19
  432.510060    1.252900E-18
  432.545860    7.009000E-19
  432.581670    5.114000E-19
  432.617480   -1.731000E-19
  432.653290    3.920000E-19
  432.689100    1.933000E-19
  432.724910   -1.108000E-19
  432.760720   -3.359000E-19
  432.796540    8.943000E-19
  432.832350    4.934000E-19
  432.868160    1.748000E-19
  432.903970    1.409000E-19
  432.939780   -2.249000E-19
  432.975600    3.455000E-19
  433.011410   -8.020000E-20
  433.047230   -2.487000E-19
  433.083040   -1.516000E-19
  433.118860    3.604000E-19
  433.154660    2.361000E-19
  433.190480    3.418000E-19
  433.226290    6.377000E-19
  433.262110    1.453000E-19
  433.297930   -4.505000E-19
  433.333740   -2.950000E-19
  433.369560   -7.910000E-20
  433.405380    3.292000E-19
  433.441200    2.271000E-19
  433.477020    3.810000E-20
  433.512840   -7.430000E-20
  433.548660    8.940000E-20
  433.584480   -1.976000E-19
  433.620300    1.240300E-18
  433.656120   -1.675000E-19
  433.691940    1.103000E-19
  433.727760    3.923000E-19
  433.763580   -3.285000E-19
  433.799400    1.780000E-20
  433.835220    5.867000E-19
  433.871050    5.837000E-19
  433.906870   -7.118000E-19
  433.942700    3.638000E-19
  433.978520   -5.712000E-19
  434.014350    5.682000E-19
  434.050170   -9.412000E-19
  434.086000   -3.589960E-21
  434.121830    9.290000E-20
  434.157650   -2.306000E-19
  434.193480   -2.512000E-19
  434.229310    2.290000E-20
  434.265140   -6.942000E-19
  434.300970   -1.119000E-19
  434.336790    6.011000E-19
  434.372610   -3.532000E-19
  434.408440    8.081000E-19
  434.444270   -1.692000E-19
  434.480110    3.758000E-19
  434.515940   -1.090000E-20
  434.551770   -2.744000E-19
  434.587600   -8.691000E-19
  434.623430   -9.460000E-19
  434.659270    1.738000E-19
  434.695100    4.240000E-20
  434.730930   -8.318000E-19
  434.766770    6.737000E-19
  434.802600   -5.418000E-19
  434.838440   -3.506000E-19
  434.874270   -5.006000E-19
  434.910110   -6.531000E-19
  434.945940    6.386000E-19
  434.981780    3.120000E-20
  435.017610   -2.360000E-20
  435.053450   -4.565000E-19
  435.089280    4.997000E-19
  435.125120   -1.490000E-19
  435.160960   -5.514000E-19
  435.196800    2.987000E-19
  435.232640    5.695000E-19
  435.268480   -3.754000E-19
  435.304320   -2.817000E-19
  435.340160    5.079000E-19
  435.376000   -1.931000E-19
  435.411840    7.480000E-19
  435.447690    3.909000E-19
  435.483530    1.115200E-18
  435.519370    2.349000E-19
  435.555210    8.243000E-19
  435.591060    2.085800E-18
  435.626900    6.601300E-18
  435.662740    1.652850E-17
  435.698580    2.963870E-17
  435.734430    3.582310E-17
  435.770270    3.525680E-17
  435.806120    3.406470E-17
  435.841970    3.240410E-17
  435.877810    3.104540E-17
  435.913660    3.014660E-17
  435.949510    2.779300E-17
  435.985360    2.837860E-17
  436.021210    2.641070E-17
  436.057050    2.612950E-17
  436.092900    2.448980E-17
  436.128750    2.353090E-17
  436.164600    2.155380E-17
  436.200460    2.144810E-17
  436.236310    2.131500E-17
  436.272150    2.027210E-17
  436.308000    1.832180E-17
  436.343850    1.893810E-17
  436.379710    1.834860E-17
  436.415560    1.788600E-17
  436.451410    1.729290E-17
  436.487270    1.527840E-17
  436.523120    1.469840E-17
  436.558980    1.494220E-17
  436.594830    1.364300E-17
  436.630690    1.524270E-17
  436.666540    1.257820E-17
  436.702400    1.291160E-17
  436.738260    1.233590E-17
  436.774120    1.277690E-17
  436.809970    1.207110E-17
  436.845830    1.100660E-17
  436.881690    1.000880E-17
  436.917540    1.013940E-17
  436.953400    9.387700E-18
  436.989260    8.644200E-18
  437.025120    9.678900E-18
  437.060980    7.836500E-18
  437.096840    8.472700E-18
  437.132700    7.950700E-18
  437.168570    7.656500E-18
  437.204430    7.239600E-18
  437.240290    7.181300E-18
  437.276150    6.566400E-18
  437.312020    6.416300E-18
  437.347880    5.992600E-18
  437.383750    4.915000E-18
  437.419610    5.419600E-18
  437.455480    5.144800E-18
  437.491340    5.502000E-18
  437.527210    5.399100E-18
  437.563070    4.216000E-18
  437.598930    4.798100E-18
  437.634800    4.440300E-18
  437.670670    4.031700E-18
  437.706540    3.524700E-18
  437.742410    4.096700E-18
  437.778270    4.302300E-18
  437.814140    4.092000E-18
  437.850010    3.681900E-18
  437.885880    3.407500E-18
  437.921760    3.469000E-18
  437.957630    3.339800E-18
  437.993500    2.954700E-18
  438.029370    3.337500E-18
  438.065240    4.058300E-18
  438.101120    1.975900E-18
  438.136990    2.802200E-18
  438.172860    1.948600E-18
  438.208730    2.617900E-18
  438.244600    2.918000E-18
  438.280480    1.942300E-18
  438.316350    2.180400E-18
  438.352230    1.213600E-18
  438.388100    1.919800E-18
  438.423980    2.084100E-18
  438.459860    1.854000E-18
  438.495730    2.129300E-18
  438.531610    1.512000E-18
  438.567490    8.670000E-19
  438.603370    1.335100E-18
  438.639250    9.781000E-19
  438.675130    1.471700E-18
  438.711010    1.786400E-18
  438.746890    1.426300E-18
  438.782770    3.586000E-19
  438.818650    5.189000E-19
  438.854520    2.275000E-18
  438.890400    8.380000E-19
  438.926290    1.019500E-18
  438.962170    9.113000E-19
  438.998050    1.392600E-18
  439.033940    5.786000E-19
  439.069820    5.834000E-19
  439.105710    4.603000E-19
  439.141590   -7.256000E-19
  439.177480   -2.218000E-19
  439.213360    9.730000E-20
  439.249250    7.399000E-19
  439.285130    1.128000E-18
  439.321020    4.902000E-19
  439.356910   -1.330000E-20
  439.392800    1.018700E-18
  439.428690   -1.437000E-19
  439.464570    1.280000E-19
  439.500450   -4.128000E-19
  439.536340    6.364000E-19
  439.572230    9.970000E-19
  439.608120    7.729000E-19
  439.644010    4.899000E-19
  439.679910    1.243000E-18
  439.715800    5.073000E-19
  439.751690    9.705000E-19
  439.787580    1.554500E-18
  439.823470    2.032400E-18
  439.859370    2.476000E-18
  439.895260    2.607000E-18
  439.931160    1.650200E-18
  439.967050    1.812900E-18
  440.002940    2.265900E-18
  440.038840    2.387000E-18
  440.074740    2.199500E-18
  440.110630    1.452800E-18
  440.146530    2.236600E-18
  440.182420    2.260200E-18
  440.218310    1.865100E-18
  440.254210    6.031000E-19
  440.290110    1.829200E-18
  440.326010    2.305900E-18
  440.361910    1.231100E-18
  440.397810    2.094700E-18
  440.433710    1.907600E-18
  440.469610    1.399100E-18
  440.505510    1.512500E-18
  440.541410    1.985800E-18
  440.577310    9.217000E-19
  440.613210    5.914000E-19
  440.649120    2.013400E-18
  440.685020    1.014500E-18
  440.720920    9.850000E-19
  440.756830    8.254000E-19
  440.792730    1.843000E-19
  440.828620    9.692000E-19
  440.864530    1.048900E-18
  440.900430    6.176000E-19
  440.936340    1.286300E-18
  440.972250    1.514900E-18
  441.008150   -5.316000E-19
  441.044060    2.906000E-19
  441.079970    8.567000E-19
  441.115880    1.146100E-18
  441.151780    1.075500E-18
  441.187690    4.662000E-19
  441.223600    7.551000E-19
  441.259510    1.798000E-19
  441.295420    1.113000E-19
  441.331330   -1.504000E-19
  441.367240    2.869000E-19
  441.403150   -3.812000E-19
  441.439060    1.123500E-18
  441.474980    2.476000E-19
  441.510880    1.353000E-19
  441.546790   -2.980000E-20
  441.582710    2.417000E-19
  441.618620    5.445000E-19
  441.654530    2.482000E-19
  441.690450    3.388000E-19
  441.726360    3.596000E-19
  441.762280    6.042000E-19
  441.798190   -1.155000E-19
  441.834110   -7.148000E-19
  441.870030   -2.716000E-19
  441.905940    3.452000E-19
  441.941860   -5.816000E-19
  441.977780    6.016000E-19
  442.013700    9.185000E-19
  442.049620    6.359000E-19
  442.085540    4.592000E-19
  442.121450   -9.920000E-20
  442.157360   -1.030000E-20
  442.193280   -1.500000E-20
  442.229210   -7.908000E-19
  442.265130    1.852000E-19
  442.301050    4.126000E-19
  442.336970    3.934000E-19
  442.372890   -3.986000E-19
  442.408820    2.511000E-19
  442.444740   -4.850000E-20
  442.480660    5.192000E-19
  442.516590   -5.598000E-19
  442.552510   -5.033000E-19
  442.588440   -5.197000E-19
  442.624360   -1.913000E-19
  442.660290    5.123000E-19
  442.696210    7.054000E-19
  442.732140   -7.055000E-19
  442.768070    4.316000E-19
  442.803990    7.394000E-19
  442.839910   -1.427000E-19
  442.875840   -1.967000E-19
  442.911770    7.907000E-19
  442.947700   -5.620000E-20
  442.983630   -2.687000E-19
  443.019560   -1.233000E-19
  443.055490   -3.821000E-19
  443.091420    2.512000E-19
  443.127350   -7.667000E-19
  443.163280    3.860000E-19
  443.199210   -6.082000E-19
  443.235150   -6.797000E-19
  443.271080    4.411000E-19
  443.307010   -1.046000E-18
  443.342950   -5.604000E-19
  443.378880   -1.108600E-18
  443.414810   -1.428000E-19
  443.450750   -5.633000E-19
  443.486690   -6.923000E-19
  443.522610   -2.592000E-19
  443.558550   -6.272000E-19
  443.594480   -6.936000E-19
  443.630420    6.590000E-20
  443.666360   -1.822000E-19
  443.702300    5.664000E-19
  443.738230    1.138000E-19
  443.774170   -3.744000E-19
  443.810110    4.729000E-19
  443.846050   -1.514000E-19
  443.881990    5.116000E-19
  443.917930   -9.179000E-19
  443.953870    2.478000E-19
  443.989810   -5.318000E-19
  444.025760   -3.556000E-19
  444.061700   -8.646000E-19
  444.097640    6.174000E-19
  444.133580    6.954000E-19
  444.169530   -7.823000E-19
  444.205460   -5.605000E-19
  444.230960   -5.369000E-19
  444.266280    4.496000E-19
  444.301600    2.170000E-19
  444.336920   -9.760000E-20
  444.372240    3.460000E-20
  444.407560   -6.578000E-19
  444.442880    7.230000E-20
  444.478200   -4.347000E-19
  444.513520    5.439000E-19
  444.548840   -3.679000E-19
  444.584140   -3.040000E-20
  444.619460   -5.750000E-20
  444.654780    7.397000E-19
  444.690090    3.362000E-19
  444.725410    7.211000E-19
  444.760720   -1.759000E-19
  444.796030    4.848000E-19
  444.831350    4.688000E-19
  444.866660    9.155000E-19
  444.901970    1.726900E-18
  444.937280    6.439900E-18
  444.972590    1.324920E-17
  445.007900    1.750040E-17
  445.043210    1.556660E-17
  445.078500    1.533050E-17
  445.113810    1.297180E-17
  445.149120    1.249430E-17
  445.184420    1.282180E-17
  445.219730    1.165190E-17
  445.255030    1.180020E-17
  445.290340    1.166320E-17
  445.325640    1.126840E-17
  445.360950    1.034070E-17
  445.396250    1.014760E-17
  445.431550    1.001480E-17
  445.466850    1.018910E-17
  445.502150    9.347300E-18
  445.537450    9.622500E-18
  445.572750    8.963800E-18
  445.608040    9.231200E-18
  445.643340    8.854600E-18
  445.678630    6.870300E-18
  445.713930    7.987400E-18
  445.749230    7.361900E-18
  445.784520    7.944000E-18
  445.819820    7.126400E-18
  445.855110    7.106900E-18
  445.890400    6.747700E-18
  445.925700    6.932100E-18
  445.960990    6.394700E-18
  445.996280    6.398500E-18
  446.031570    5.636000E-18
  446.066860    6.253400E-18
  446.102140    4.609800E-18
  446.137430    5.300700E-18
  446.172720    4.942100E-18
  446.208010    5.265300E-18
  446.243290    5.083800E-18
  446.278580    4.811200E-18
  446.313870    4.380400E-18
  446.349150    4.580300E-18
  446.384440    4.322700E-18
  446.419720    3.934500E-18
  446.455000    4.104400E-18
  446.490290    4.199700E-18
  446.525570    3.240800E-18
  446.560850    4.188900E-18
  446.596130    3.576000E-18
  446.631400    3.452500E-18
  446.666680    2.865800E-18
  446.701960    2.255500E-18
  446.737240    3.920700E-18
  446.772510    3.160500E-18
  446.807790    2.605600E-18
  446.843070    3.343200E-18
  446.878340    2.869800E-18
  446.913620    2.685500E-18
  446.948890    2.568900E-18
  446.984170    2.022100E-18
  447.019440    2.280500E-18
  447.054710    2.549800E-18
  447.089980    1.291900E-18
  447.125250    2.092700E-18
  447.160520    2.007700E-18
  447.195790    9.038000E-19
  447.231060    1.819100E-18
  447.266320    1.591300E-18
  447.301590    1.070000E-18
  447.336860    1.068500E-18
  447.372130    2.030300E-18
  447.407390    1.063500E-18
  447.442660    9.941000E-19
  447.477920    1.085400E-18
  447.513190    2.090100E-18
  447.548450    3.450000E-19
  447.583720    1.079900E-18
  447.618970    1.965100E-18
  447.654230    8.758000E-19
  447.689490    4.769000E-19
  447.724750    4.811000E-19
  447.760010    1.318700E-18
  447.795270    5.436000E-19
  447.830530    1.653000E-18
  447.865790    2.584000E-19
  447.901040    8.701000E-19
  447.936300    5.755000E-19
  447.971560    8.547000E-19
  448.006810    1.393900E-18
  448.042070    8.416000E-19
  448.077320    8.661000E-19
  448.112580    1.620900E-18
  448.147820    1.221600E-18
  448.183070    3.474000E-19
  448.218320    1.311400E-18
  448.253570    1.306400E-18
  448.288820    5.310000E-19
  448.324070    5.870000E-20
  448.359320   -7.984000E-19
  448.394570   -2.712000E-19
  448.429820    6.511000E-19
  448.465070    6.735000E-19
  448.500310    2.597000E-19
  448.535560    1.577200E-18
  448.570800    6.996000E-19
  448.606050    8.675000E-19
  448.641280    7.590000E-19
  448.676530    8.735000E-19
  448.711770    1.510000E-18
  448.747010    2.196300E-18
  448.782250    3.258900E-18
  448.817490    4.588000E-18
  448.852740    3.298900E-18
  448.887970    3.596800E-18
  448.923210    3.162500E-18
  448.958450    4.054300E-18
  448.993690    3.898100E-18
  449.028930    3.369800E-18
  449.064160    3.890100E-18
  449.099400    3.190300E-18
  449.134630    3.507700E-18
  449.169860    3.592500E-18
  449.205090    2.822100E-18
  449.240330    2.360500E-18
  449.275560    2.778400E-18
  449.310790    3.122700E-18
  449.346020    1.762300E-18
  449.381250    3.065300E-18
  449.416480    2.730200E-18
  449.451710    2.571500E-18
  449.486940    2.063700E-18
  449.522170    2.315800E-18
  449.557400    1.863700E-18
  449.592630    2.523500E-18
  449.627840    2.249200E-18
  449.663070    1.853100E-18
  449.698290    1.452200E-18
  449.733520    1.595300E-18
  449.768740    1.506100E-18
  449.803960    1.778200E-18
  449.839190    2.138000E-18
  449.874410    1.596400E-18
  449.909630    1.590300E-18
  449.944850    1.684700E-18
  449.980070    1.206500E-18
  450.015290    9.473000E-19
  450.050510    9.230000E-19
  450.085730    9.006000E-19
  450.120940    1.864000E-19
  450.156150    4.213000E-19
  450.191370    1.164000E-18
  450.226580    2.920000E-19
  450.261800    9.657000E-19
  450.297010    9.634000E-19
  450.332230    7.779000E-19
  450.367440    7.663000E-19
  450.402650    1.209100E-18
  450.437860    8.292000E-19
  450.473080    4.444000E-19
  450.508290    1.550700E-18
  450.543500    1.119100E-18
  450.578710    9.962000E-19
  450.613900    1.127200E-18
  450.649110    1.228200E-18
  450.684320    6.725000E-19
  450.719530    4.926000E-19
  450.754730   -6.975000E-19
  450.789940    8.348000E-19
  450.825140    1.791000E-19
  450.860350    7.770000E-19
  450.895550    8.150000E-20
  450.930750    1.981000E-19
  450.965960    4.861000E-19
  451.001160   -3.434000E-19
  451.036360    2.638000E-19
  451.071560   -2.816000E-19
  451.106760    7.401000E-19
  451.141950    5.875000E-19
  451.177150   -7.958910E-21
  451.212350   -7.630000E-20
  451.247540    8.706000E-19
  451.282740   -1.075000E-19
  451.317940   -1.399000E-19
  451.353130    3.596000E-19
  451.388330    4.154000E-19
  451.423520   -1.128000E-19
  451.458710    9.269000E-19
  451.493910    4.843000E-19
  451.529100   -2.055000E-19
  451.564290    8.063000E-19
  451.599480    1.798000E-19
  451.634660    9.720000E-20
  451.669850    3.070000E-20
  451.705040   -1.028000E-19
  451.740230    5.619000E-19
  451.775420    3.303000E-19
  451.810600    6.339000E-19
  451.845790    1.896000E-19
  451.880980   -5.560000E-20
  451.916160   -8.510000E-20
  451.951350   -7.077000E-19
  451.986530   -3.274000E-19
  452.021710   -5.300000E-19
  452.056900    2.100000E-19
  452.092080    4.803000E-19
  452.127250    1.526000E-19
  452.162430   -9.620000E-20
  452.197610    2.605000E-19
  452.232790   -5.307000E-19
  452.267970    3.233000E-19
  452.303150   -1.513000E-19
  452.338330    5.313000E-19
  452.373500   -3.018000E-19
  452.408680   -4.500000E-20
  452.443860    4.790000E-19
  452.479030    1.712000E-19
  452.514200   -7.080000E-20
  452.549380   -4.315000E-19
  452.584550    2.978000E-19
  452.619710    3.380000E-20
  452.654890    8.913000E-19
  452.690060   -5.303000E-19
  452.725230   -9.333000E-19
  452.760400    3.352000E-19
  452.795570   -1.200000E-20
  452.830740    3.822000E-19
  452.865910   -7.572430E-21
  452.901070    7.670000E-20
  452.936240   -3.810000E-20
  452.971410   -3.207000E-19
  453.006570    8.734000E-19
  453.041740    2.592000E-19
  453.076900    5.580000E-20
  453.112060   -5.139000E-19
  453.147220    5.198000E-19
  453.182380    2.556000E-19
  453.217540    8.628000E-19
  453.252700    3.248000E-19
  453.287860    6.056000E-19
  453.323020   -2.806000E-19
  453.358180   -1.060000E-20
  453.393340   -8.874000E-19
  453.428500    1.413000E-19
  453.463660    2.220640E-21
  453.498820    3.967000E-19
  453.533970   -1.440000E-19
  453.569130    2.767000E-19
  453.604270    1.601000E-19
  453.639430   -8.470000E-20
  453.674580   -2.232000E-19
  453.709730   -1.128000E-19
  453.744890   -4.379000E-19
  453.780040    4.406000E-19
  453.815190   -2.546000E-19
  453.850340   -2.516000E-19
  453.885490   -2.029000E-19
  453.920640    7.390000E-20
  453.955790    6.543000E-19
  453.990930   -5.491000E-19
  454.026080    5.968030E-21
  454.061220    4.429000E-19
  454.096360   -5.663000E-19
  454.131510   -2.464000E-19
  454.166650   -1.932000E-19
  454.201800   -5.546000E-19
  454.236940   -8.460000E-19
  454.272090   -4.739000E-19
  454.307230   -8.003000E-19
  454.342370   -1.676000E-19
  454.377510   -6.646000E-19
  454.412650   -2.567000E-19
  454.447790    4.467000E-19
  454.482930    4.515000E-19
  454.518070   -2.870000E-19
  454.553200    6.420000E-20
  454.588330   -3.084000E-19
  454.623470    2.328000E-19
  454.658610    5.007000E-19
  454.693740    4.436000E-19
  454.728880    3.830000E-19
  454.764010    1.379700E-18
  454.799140    1.415000E-18
  454.834280    1.511200E-18
  454.869410    3.035700E-18
  454.904540    5.034300E-18
  454.939670    6.045700E-18
  454.974800    7.982400E-18
  455.009930    9.165600E-18
  455.045050    8.560600E-18
  455.080180    8.225700E-18
  455.115310    7.455300E-18
  455.150430    7.834400E-18
  455.185560    8.080400E-18
  455.220690    7.250500E-18
  455.255810    6.850100E-18
  455.290940    7.042900E-18
  455.326060    7.134600E-18
  455.361180    6.765400E-18
  455.396310    5.767600E-18
  455.431430    6.048300E-18
  455.466550    5.422800E-18
  455.501670    5.890600E-18
  455.536780    5.008900E-18
  455.571900    5.320900E-18
  455.607020    4.750000E-18
  455.642140    4.913000E-18
  455.677250    4.173100E-18
  455.712370    4.516800E-18
  455.747490    3.984600E-18
  455.782600    2.825400E-18
  455.817720    4.152700E-18
  455.852830    3.096200E-18
  455.887950    4.143400E-18
  455.923060    3.404200E-18
  455.958170    3.541500E-18
  455.993280    2.628300E-18
  456.028390    3.417700E-18
  456.063500    2.218300E-18
  456.098610    2.506300E-18
  456.133720    2.784900E-18
  456.168820    2.454700E-18
  456.203930    1.756500E-18
  456.239040    2.459700E-18
  456.274150    2.416500E-18
  456.309250    2.489500E-18
  456.344360    2.594900E-18
  456.379460    2.636000E-18
  456.414570    2.139400E-18
  456.449670    1.712300E-18
  456.484770    2.055500E-18
  456.519870    2.143000E-18
  456.554970    1.451000E-18
  456.590070    2.119700E-18
  456.625170    1.697900E-18
  456.660270    1.407900E-18
  456.695370    1.379700E-18
  456.730470    1.248500E-18
  456.765570    1.513200E-18
  456.800660    1.356900E-18
  456.835760    7.205000E-19
  456.870860    2.537000E-19
  456.905950    1.297800E-18
  456.941050    8.500000E-19
  456.976130    1.047500E-18
  457.011220    7.106000E-19
  457.046320    1.113500E-18
  457.081410    1.119900E-18
  457.116500    1.208900E-18
  457.151590    1.184000E-18
  457.186680    9.659000E-19
  457.221770    1.295900E-18
  457.256860    3.977000E-19
  457.291950    6.855000E-19
  457.327040    1.313300E-18
  457.362130    8.081000E-19
  457.397210    8.460000E-19
  457.432300    8.141000E-19
  457.467370    5.074000E-19
  457.502460    3.318000E-19
  457.537540    6.827000E-19
  457.572630    2.794000E-19
  457.607710    1.206500E-18
  457.642790    2.071000E-19
  457.677870   -6.230000E-20
  457.712950    9.202000E-19
  457.748030    2.340000E-20
  457.783110    1.247000E-19
  457.818190    1.096900E-18
  457.853270    7.648000E-19
  457.888350    1.502000E-19
  457.923430   -2.969000E-19
  457.958490    2.835000E-19
  457.993570    4.473000E-19
  458.028640    5.606000E-19
  458.063720    6.756000E-19
  458.098790    6.920000E-20
  458.133870    9.109000E-19
  458.168940    2.309000E-19
  458.204010   -1.031000E-18
  458.239080    1.592000E-19
  458.274150    1.360000E-19
  458.309220   -4.380000E-19
  458.344290    1.255000E-19
  458.379360   -6.860000E-20
  458.414420    5.445000E-19
  458.449490   -3.184000E-19
  458.484550    1.355600E-18
  458.519620   -7.807000E-19
  458.554690   -1.287000E-19
  458.589750    4.181000E-19
  458.624820    9.832000E-19
  458.659880    2.832000E-18
  458.694940    4.831200E-18
  458.730010    4.802700E-18
  458.765070    3.987400E-18
  458.800130    4.301700E-18
  458.835190    3.997100E-18
  458.870250    3.267100E-18
  458.905300    3.357400E-18
  458.940360    3.128900E-18
  458.975420    2.893300E-18
  459.010470    3.559300E-18
  459.045530    2.795500E-18
  459.080590    2.643200E-18
  459.115640    3.259400E-18
  459.150700    2.618800E-18
  459.185750    2.774200E-18
  459.220810    2.309900E-18
  459.255860    2.075600E-18
  459.290910    2.479300E-18
  459.325960    1.782400E-18
  459.361000    2.259400E-18
  459.396050    1.105800E-18
  459.431100    2.258100E-18
  459.466150    1.661500E-18
  459.501200    2.397100E-18
  459.536250    1.975900E-18
  459.571300    2.090400E-18
  459.606340    1.806400E-18
  459.641390    2.390900E-18
  459.676440    1.993700E-18
  459.711480    1.473700E-18
  459.746530    1.297600E-18
  459.781570    1.654900E-18
  459.816610    1.734400E-18
  459.851640    1.663300E-18
  459.886690    8.568000E-19
  459.921730    1.554500E-18
  459.956770    1.249600E-18
  459.991810    1.465900E-18
  460.026850    1.629100E-18
  460.061890    1.233400E-18
  460.096920    9.961000E-19
  460.131960    1.068200E-18
  460.167000    9.633000E-19
  460.202030    1.483500E-18
  460.237070    4.341000E-19
  460.272100    2.792000E-19
  460.307130    4.925000E-19
  460.342160    1.402800E-18
  460.377190    1.158400E-18
  460.412230    2.651000E-19
  460.447260    7.612000E-19
  460.482290    3.335000E-19
  460.517320    8.516000E-19
  460.552350    9.342000E-19
  460.587380    7.514000E-19
  460.622410    1.187000E-18
  460.657430    4.138000E-19
  460.692460    1.545000E-19
  460.727490    5.044000E-19
  460.762510    3.872000E-19
  460.797530    8.283000E-19
  460.832550    7.370000E-19
  460.867580    3.830000E-20
  460.902600    7.479000E-19
  460.937620    3.875000E-19
  460.972650   -2.973000E-19
  461.007670    7.882000E-19
  461.042690   -8.040000E-20
  461.077710    2.652000E-19
  461.112730   -3.908000E-19
  461.147750    8.898000E-19
  461.182770    7.299000E-19
  461.217780    3.130000E-19
  461.252790    2.250000E-19
  461.287810    8.139000E-19
  461.322820   -1.411000E-19
  461.357840    1.306400E-18
  461.392850    4.970000E-20
  461.427870    3.091000E-19
  461.462880   -2.839000E-19
  461.497890   -9.276960E-21
  461.532900   -4.269000E-19
  461.567910   -3.420000E-20
  461.602930   -2.016000E-19
  461.637940   -3.575000E-19
  461.672950    3.590000E-20
  461.707950   -1.706000E-19
  461.742950    4.843000E-19
  461.777960    1.392000E-19
  461.812970    1.476000E-19
  461.847970   -2.097000E-19
  461.882980    1.350000E-19
  461.917980    2.032000E-19
  461.952990   -1.260000E-20
  461.987990   -4.685000E-19
  462.023000    1.446000E-19
  462.058000    4.676000E-19
  462.093000   -7.480000E-20
  462.128000   -3.775000E-19
  462.163000   -6.944000E-19
  462.197990   -1.310000E-19
  462.232990   -3.417000E-19
  462.267990   -3.111000E-19
  462.302990    2.541000E-19
  462.337980    6.750000E-19
  462.372980   -3.820000E-19
  462.407980    6.570000E-20
  462.442970    2.671000E-19
  462.477970    4.862000E-19
  462.512960    1.689000E-19
  462.547960    3.167000E-19
  462.582950    3.520000E-20
  462.617940    2.853000E-19
  462.652930    2.160000E-19
  462.687910   -3.562000E-19
  462.722900    8.950000E-20
  462.757890   -3.891000E-19
  462.792880    1.246000E-19
  462.827870    7.300220E-21
  462.862860   -4.212000E-19
  462.897850    3.120000E-20
  462.932830    3.476000E-19
  462.967820   -1.680000E-19
  463.002810   -4.400000E-20
  463.037790    1.190000E-19
  463.072780   -6.017010E-21
  463.107760    2.999000E-19
  463.142730   -7.353000E-19
  463.177710    4.705000E-19
  463.212700   -3.281000E-19
  463.247680    4.021000E-19
  463.282660    1.136000E-19
  463.317640   -2.960000E-19
  463.352620    4.070000E-19
  463.387590   -1.090000E-19
  463.422570    7.310000E-20
  463.457550    1.446000E-19
  463.492530    6.874000E-19
  463.527500   -7.890000E-20
  463.562480    2.793000E-19
  463.597440   -2.635000E-19
  463.632420   -8.105000E-19
  463.667390   -1.262000E-19
  463.702360    2.153000E-19
  463.737330    1.279000E-19
  463.772310    1.216000E-19
  463.807280    4.866000E-19
  463.842250   -5.020000E-19
  463.877220    4.868000E-19
  463.912190   -2.718000E-19
  463.947150    1.495000E-19
  463.982120    5.584000E-19
  464.017090    2.104000E-19
  464.052050    2.886000E-19
  464.087010   -9.320000E-20
  464.121980    2.090000E-20
  464.156940   -2.798000E-19
  464.191900   -2.363000E-19
  464.226870   -7.440000E-20
  464.261830    6.897000E-19
  464.296790    4.971000E-19
  464.331750    2.029000E-19
  464.366710   -2.970000E-19
  464.401670    6.071000E-19
  464.436630   -3.497000E-19
  464.471590   -8.190000E-19
  464.506550   -1.774000E-19
  464.541500   -3.148000E-19
  464.576460   -1.806000E-19
  464.611410   -1.853000E-19
  464.646370    9.760000E-20
  464.681320   -1.810000E-19
  464.716280   -2.938000E-19
  464.751230   -4.137000E-19
  464.786180    3.796000E-19
  464.821140   -3.047000E-19
  464.856090   -1.191000E-19
  464.891040   -3.327000E-19
  464.925990    5.690000E-20
  464.960940   -1.816000E-19
  464.995880    4.770000E-20
  465.030830    4.160000E-20
  465.065780   -3.246000E-19
  465.100720    7.710000E-20
  465.135670    2.573000E-19
  465.170620   -3.960000E-19
  465.205560   -3.399000E-19
  465.240510   -5.599000E-19
  465.275450   -6.034000E-19
  465.310400   -1.669000E-19
  465.345340   -1.390000E-19
  465.380280   -3.921000E-19
  465.415220   -6.370000E-20
  465.450150   -6.144000E-19
  465.485100   -1.623000E-19
  465.520030    2.097000E-19
  465.554970    2.121600E-18
  465.589910    2.617100E-18
  465.624850    2.648300E-18
  465.659790    2.239100E-18
  465.694720    2.112100E-18
  465.729660    2.015400E-18
  465.764600    1.831900E-18
  465.799530    1.647200E-18
  465.834470    1.291400E-18
  465.869400    1.538700E-18
  465.904320    1.902300E-18
  465.939250    1.327500E-18
  465.974190    9.064000E-19
  466.009120    1.346600E-18
  466.044050    6.810000E-19
  466.078980    6.969000E-19
  466.113910    1.136300E-18
  466.148830    8.500000E-19
  466.183760    1.082800E-18
  466.218690    9.383000E-19
  466.253620    7.314000E-19
  466.288540    8.754000E-19
  466.323470    6.937000E-19
  466.358390    1.076500E-18
  466.393310    7.677000E-19
  466.428230    9.487000E-19
  466.463150    8.606000E-19
  466.498080    5.923000E-19
  466.533000    3.452000E-19
  466.567920    8.520000E-19
  466.602840    1.788000E-19
  466.637760   -1.108000E-19
  466.672680    9.967000E-19
  466.707590    9.938000E-19
  466.742510    6.709000E-19
  466.777430    3.298000E-19
  466.812350   -1.903000E-19
  466.847250    8.455000E-19
  466.882170    9.203000E-19
  466.917080    4.130000E-20
  466.952000    7.224000E-19
  466.986910    3.870000E-20
  467.021820    5.098000E-19
  467.056730    1.955000E-19
  467.091650   -1.373000E-19
  467.126560   -4.363200E-21
  467.161470   -2.010000E-20
  467.196380   -3.024000E-19
  467.231280   -6.260000E-20
  467.266190   -1.421000E-19
  467.301090   -9.040000E-20
  467.336000   -3.220000E-20
  467.370900    1.938000E-19
  467.405810    2.850000E-19
  467.440720    2.004000E-19
  467.475620    3.160000E-20
  467.510520   -2.576000E-19
  467.545430    5.862000E-19
  467.580330    1.964000E-19
  467.615230   -1.117000E-19
  467.650130   -1.568000E-19
  467.685030    1.996000E-19
  467.719930    4.155000E-19
  467.754820   -7.950000E-20
  467.789720    2.770000E-20
  467.824620   -2.178000E-19
  467.859520    1.262000E-19
  467.894410   -6.398950E-21
  467.929310   -6.700000E-20
  467.964210    4.723000E-19
  467.999100   -1.960000E-20
  468.034000   -3.395000E-19
  468.068890    2.104000E-19
  468.103780    9.610000E-20
  468.138670    3.571000E-19
  468.173570   -2.200000E-20
  468.208450    5.395590E-21
  468.243340   -1.621000E-19
  468.278230   -1.808000E-19
  468.313120    3.238000E-19
  468.348010    5.153000E-19
  468.382890    4.156000E-19
  468.417780   -3.688000E-19
  468.452670    3.877000E-19
  468.487550   -1.256000E-19
  468.522440   -3.079000E-19
  468.557320    1.746000E-19
  468.592210    6.084000E-19
  468.627090    3.285130E-21
  468.661970    3.278000E-19
  468.696850   -2.358000E-19
  468.731730   -3.959000E-19
  468.766610    5.804000E-19
  468.801490    2.120000E-19
  468.836370   -4.199000E-19
  468.871250   -5.073000E-19
  468.906130    4.256000E-19
  468.941010   -4.940000E-20
  468.975880    1.277000E-19
  469.010760   -1.215000E-19
  469.045640    2.624000E-19
  469.080510    3.997000E-19
  469.115380    6.054000E-19
  469.150250    2.461000E-19
  469.185120    1.116900E-18
  469.220000    8.971000E-19
  469.254870    1.859200E-18
  469.289740    2.025000E-18
  469.324610    2.623700E-18
  469.359480    2.387600E-18
  469.394350    2.773300E-18
  469.436630    2.729000E-18
  469.471810    2.579500E-18
  469.506990    2.489500E-18
  469.542170    2.625600E-18
  469.577340    2.638700E-18
  469.612520    2.288500E-18
  469.647690    2.187800E-18
  469.682850    1.980500E-18
  469.718020    2.175600E-18
  469.753200    1.939900E-18
  469.788370    2.240900E-18
  469.823540    1.908700E-18
  469.858700    1.911600E-18
  469.893870    1.779800E-18
  469.929040    1.850600E-18
  469.964210    1.177700E-18
  469.999370    1.712400E-18
  470.034540    1.115200E-18
  470.069700    1.358400E-18
  470.104860    1.731200E-18
  470.140020    1.063800E-18
  470.175180    1.450900E-18
  470.210330    1.247600E-18
  470.245490    1.059400E-18
  470.280650    1.159200E-18
  470.315810    1.116000E-18
  470.350970    1.343300E-18
  470.386120    6.943000E-19
  470.421280    1.104600E-18
  470.456430    6.985000E-19
  470.491590    8.969000E-19
  470.526740    5.781000E-19
  470.561890    6.022000E-19
  470.597040    2.152000E-19
  470.632190    7.483000E-19
  470.667340    2.896000E-19
  470.702480    6.448000E-19
  470.737630    7.980000E-19
  470.772770    5.057000E-19
  470.807920    4.496000E-19
  470.843060    7.485000E-19
  470.878210    3.859000E-19
  470.913350    4.278000E-19
  470.948490    6.425000E-19
  470.983640   -5.350000E-20
  471.018780    3.404000E-19
  471.053920    1.613000E-19
  471.089060    4.948000E-19
  471.124190    5.031000E-19
  471.159330    5.734000E-19
  471.194460    4.462000E-19
  471.229590    3.810000E-19
  471.264730    3.683000E-19
  471.299860    3.670000E-19
  471.335000    3.278000E-19
  471.370130    3.288000E-19
  471.405260    9.110000E-20
  471.440390    8.840000E-20
  471.475520    3.919000E-19
  471.510650    4.570000E-19
  471.545780    1.024000E-19
  471.580900   -1.813000E-19
  471.616030   -4.150000E-20
  471.651160    3.151000E-19
  471.686280    1.232000E-19
  471.721400    1.279000E-19
  471.756520    3.256000E-19
  471.791640   -3.398000E-19
  471.826760    8.450000E-20
  471.861880    2.316000E-19
  471.897000    3.634000E-19
  471.932120   -1.009000E-19
  471.967240    4.547000E-19
  472.002360    3.980000E-19
  472.037470   -1.854000E-19
  472.072590    2.877000E-19
  472.107700    2.364000E-19
  472.142820    1.211940E-21
  472.177930    7.318000E-19
  472.213030    4.958000E-19
  472.248140    3.041000E-19
  472.283250    2.635000E-19
  472.318360    3.787000E-19
  472.353470    4.649000E-19
  472.388580    4.135000E-19
  472.423690    7.204000E-19
  472.458790    5.783000E-19
  472.493900    6.137000E-19
  472.529000    5.221000E-19
  472.564110    4.808000E-19
  472.599210    7.800000E-19
  472.634310    6.660000E-19
  472.669410    7.308000E-19
  472.704500    3.269000E-19
  472.739600    7.782000E-19
  472.774700    3.545000E-19
  472.809800    5.977000E-19
  472.844890    2.786000E-19
  472.879990    2.843000E-19
  472.915090    5.249000E-19
  472.950180    1.776000E-19
  472.985270    4.124000E-19
  473.020370    4.199000E-19
  473.055460    7.266000E-19
  473.090550    9.990000E-19
  473.125640    1.679100E-18
  473.160730    1.335900E-18
  473.195810    1.284200E-18
  473.230890    1.096700E-18
  473.265980    1.045500E-18
  473.301070    6.975000E-19
  473.336150    8.172000E-19
  473.371240    1.207800E-18
  473.406320    7.767000E-19
  473.441400    7.292000E-19
  473.476480    6.618000E-19
  473.511560    6.162000E-19
  473.546640    7.521000E-19
  473.581720    5.872000E-19
  473.616800    4.646000E-19
  473.651880    4.922000E-19
  473.686940    4.342000E-19
  473.722020    2.662000E-19
  473.757100    5.569000E-19
  473.792170    5.873000E-19
  473.827240    6.775000E-19
  473.862310    8.190000E-19
  473.897390    4.044000E-19
  473.932460    3.848000E-19
  473.967530    2.674000E-19
  474.002600   -6.780000E-20
  474.037660    3.767000E-19
  474.072730    5.147000E-19
  474.107800    1.854000E-19
  474.142860    9.550000E-20
  474.177920    1.577000E-19
  474.212980    1.768000E-19
  474.248040    2.254000E-19
  474.283110    1.185000E-19
  474.318170    1.610000E-20
  474.353230    9.410000E-20
